3847 8
6527 10
4173 13
6331 12
9077 12
4915 13
4829 12
8902 12
5195 7
5366 12
3857 9
1490 11
5208 13
1561 13
1508 10
5611 12
2620 12
5640 12
7627 12
2593 12
1340 12
6062 13
4960 7
3418 12
3346 11
2512 12
5179 13
661 11
3960 12
5991 12
2508 13
1168 11
5042 12
5186 12
5152 12
5131 10
6298 9
1726 13
8031 10
2450 9
7711 11
608 12
6432 11
7901 11
6889 10
1894 8
2604 11
6455 12
1955 11
8549 10
3036 9
2847 12
30 12
8104 13
4263 11
8304 13
8439 11
9607 12
8268 11
4558 12
7528 13
2553 10
1359 11
4393 13
7774 12
4097 12
6724 11
3673 11
5779 12
9900 12
3814 12
6186 12
2372 9
100 12
3943 12
399 9
5738 12
7432 11
1368 12
5387 11
5976 7
7300 12
6668 13
9993 11
2457 11
63 10
3870 12
2901 11
8492 11
3821 12
3704 13
7527 12
2754 12
7721 11
6496 12
4048 12
7812 4
6279 9
8399 12
7509 9
6684 12
6818 12
1541 13
473 12
4115 10
1616 12
1523 7
6025 12
1026 11
7227 12
2327 13
9352 11
2464 13
9267 12
7998 12
737 10
416 11
4971 12
411 11
9063 12
8083 12
1499 12
6888 13
223 13
4817 13
3600 12
2305 12
7775 11
3388 9
5397 12
8623 12
4482 9
4343 12
2364 11
8070 10
8096 12
4674 11
9646 12
8078 12
896 12
6107 10
327 12
4363 12
9509 12
5940 12
6628 12
5306 13
5990 10
3048 11
1669 9
3235 12
1349 11
2411 9
3769 8
1524 12
1288 13
7409 12
2149 12
8019 12
5989 13
2297 12
3192 13
5859 6
8731 12
7996 13
5620 10
5526 8
3233 12
3702 11
7220 13
5242 13
8649 12
8856 13
4291 10
4963 12
3699 13
965 13
6012 11
2538 13
9009 12
8742 11
9306 12
4751 12
6726 13
2807 10
4324 13
5907 9
3431 13
3027 12
1110 12
5709 11
5207 12
4352 11
2009 12
7086 11
6584 12
2765 11
9096 10
1431 12
1680 12
2042 11
9722 10
6429 13
6828 12
3243 12
4399 10
9234 11
7792 8
8605 12
5188 12
2515 12
3846 13
3826 12
9515 13
4412 12
2306 11
9187 13
2927 12
5910 12
7183 12
7212 12
8560 11
5103 12
4287 12
6561 13
702 13
340 13
4478 12
865 11
4708 11
8552 12
6520 11
8866 13
7393 11
7777 10
9075 13
9321 12
4060 12
2787 10
1221 12
9750 13
4476 13
3050 10
4864 11
3278 11
2291 11
5200 12
2750 11
3500 10
1285 12
2438 12
9193 10
8786 11
843 13
2011 8
357 11
3367 13
1526 12
1859 13
4710 13
5686 12
5061 12
7423 11
2679 13
4732 11
8613 12
1595 13
9486 13
8494 13
8909 12
7589 11
1735 12
4249 11
2900 12
8088 12
812 11
1772 12
7784 11
2263 12
2618 12
1171 6
6594 12
3872 12
4166 11
2747 13
6574 12
2542 12
6745 12
6220 9
5887 13
3231 13
9106 12
6513 9
5166 12
3242 7
5972 12
7552 13
8381 12
7867 11
8511 12
3868 12
6812 11
927 9
2867 11
2071 12
9710 12
7900 12
1280 12
9933 11
9836 11
5415 12
7570 11
1117 10
4121 12
8776 11
4539 13
1618 12
9092 12
9466 13
6677 12
2414 12
9977 12
4920 13
8502 11
6487 12
3625 12
1317 13
1253 12
477 9
8071 12
277 10
5602 11
178 12
2675 8
9079 12
4784 8
8048 11
7234 13
5775 13
8443 11
9724 11
1467 12
8577 13
4438 10
9074 12
99 11
7872 11
4621 12
1430 10
5118 12
3279 12
1274 10
7440 8
7416 10
4926 12
1496 12
7853 11
6822 11
2 11
1957 10
3726 12
2192 12
2104 10
7240 10
5259 12
7125 11
5064 12
9151 11
6469 10
7785 12
3320 7
4974 13
9855 11
9279 12
9218 5
5092 10
545 13
8887 12
5942 12
3676 12
2813 12
2921 11
7966 12
1456 11
425 12
6029 10
3340 12
3886 8
5020 12
8981 11
3641 9
7930 12
7146 12
1170 13
3045 13
267 13
2210 13
6329 12
3136 11
1374 12
2320 11
7312 13
2206 8
2497 11
5537 12
1057 12
6162 12
8630 12
8145 12
6671 11
7536 11
3238 12
1108 12
8044 12
7952 13
9084 12
9421 12
6428 12
4846 12
9130 9
1725 12
9275 13
2554 12
2197 12
4521 9
1218 12
7106 11
9150 12
7610 12
6616 12
857 12
6637 11
3249 12
7446 12
778 11
3849 11
9297 12
8124 13
2758 10
6143 11
9711 13
2605 12
2108 13
9082 12
7163 12
77 13
4462 9
8759 9
5800 8
6256 11
4039 11
2431 12
6901 11
9424 12
7276 11
5712 9
3669 12
8203 6
4579 9
9488 12
4079 12
1510 11
7964 12
9470 12
8797 13
3185 11
6854 13
1319 12
8289 13
5054 12
3521 11
8531 11
5536 9
8365 11
9221 12
2419 12
372 11
9198 8
5714 11
1294 12
3505 9
5897 13
238 10
2680 10
5126 9
9477 10
9585 12
4903 11
8756 11
9550 8
3935 9
9015 11
4212 13
7306 11
4145 12
6196 12
8411 13
1436 12
4720 13
8485 9
7469 13
9398 13
2882 11
6587 12
1236 12
1060 11
9802 11
5862 12
1377 12
2862 11
9759 12
2367 10
7088 13
3643 11
1729 11
142 12
4321 12
8610 12
9824 8
9236 13
6072 13
2632 12
9684 12
5552 11
3635 12
3564 12
7630 13
4360 10
7982 10
3194 12
9332 11
6167 12
9046 13
7743 9
4100 13
7530 12
2374 11
9766 6
2196 9
333 11
5637 12
7072 11
5486 13
7406 10
8482 11
5421 11
3204 12
9037 10
5726 13
9818 13
5529 12
420 12
4705 13
9859 12
4072 12
4506 10
5783 11
1382 12
2851 7
6967 10
1856 12
1005 9
7095 12
50 11
6982 9
4254 11
3640 13
1061 12
5977 12
9064 11
9545 10
1010 10
9174 10
8830 11
4403 13
674 12
124 12
4916 10
2036 12
5045 11
3608 12
9036 13
6139 12
6348 12
8535 12
8735 10
9068 11
4038 12
7631 10
8606 13
7174 11
5150 13
2588 12
6701 12
7472 11
166 12
2377 10
155 13
5322 12
9334 13
5531 10
6680 12
8514 13
4367 11
3573 8
8355 12
9779 13
763 11
537 12
3836 13
4616 12
366 12
530 13
8589 12
8434 11
580 10
6368 12
7286 11
1773 11
6781 10
6109 11
9865 11
2811 13
3462 12
2701 11
6853 12
1050 12
1560 12
9762 12
8720 9
383 12
8755 12
1262 12
4327 11
4234 11
8423 12
1327 13
8834 11
1322 13
9432 13
4801 11
507 7
1658 13
5228 13
1617 11
4372 11
4653 12
7611 13
5485 12
1438 12
3716 12
9087 12
5676 12
2300 12
7726 11
3130 12
8431 13
8201 12
7821 9
9667 13
3994 12
3128 12
3802 13
5807 11
6408 11
7294 9
4560 9
9517 12
4215 11
2655 13
8102 11
7999 11
4834 12
4541 12
2916 11
5381 12
4750 10
3822 13
4243 12
3196 12
2415 13
1643 12
6884 9
6147 12
4707 12
1459 10
4946 12
6555 12
1143 11
749 12
2665 9
4210 11
998 12
1389 12
1342 10
8483 12
209 10
6717 13
8058 12
1027 12
4377 11
3568 10
6537 10
1954 12
7218 11
112 10
9828 13
37 12
2942 13
2229 12
2587 9
4811 12
3733 12
392 11
5353 11
2729 10
5290 12
9748 11
4431 12
4320 10
20 12
240 11
3001 13
5025 12
3619 11
3806 12
765 13
2855 10
1733 12
494 11
2335 11
7500 1
4047 10
1127 10
8369 12
3023 11
567 11
6838 12
8303 12
4058 12
4702 12
1443 12
2466 12
1424 13
4544 13
5308 12
2177 9
7372 9
6775 13
8842 10
7358 12
6258 13
9457 10
2860 9
1320 11
1543 12
4583 13
3239 11
2296 11
8738 12
2410 13
1476 11
4365 9
6032 12
2713 13
1784 12
5612 11
2760 11
869 12
3938 12
9489 11
2601 13
7917 12
6224 13
3037 12
3624 11
2692 11
7655 13
6858 12
9665 11
1100 12
3812 13
3721 12
9854 12
692 13
1345 12
5460 11
8082 11
5600 10
5665 12
6665 12
9921 13
9386 11
6764 12
284 11
3004 11
3339 8
633 13
5239 12
8781 11
3187 13
3201 12
7501 12
7203 11
5920 12
4812 13
5517 12
3198 10
2992 10
98 12
9773 12
7677 11
837 12
9797 11
4380 12
8584 12
6655 12
8740 9
6991 13
9838 13
6043 13
4634 12
2645 13
3962 12
235 12
7471 12
4155 12
1243 12
4040 12
6669 9
4140 6
4728 11
2914 10
7410 13
8037 12
7607 9
271 12
516 9
3266 10
5744 11
8758 13
502 10
8260 13
2827 12
9350 10
2165 12
5402 12
8107 11
9158 13
5792 11
710 12
2286 11
8833 12
9241 13
9634 12
5933 12
2325 11
8213 12
5889 12
9801 12
8413 12
5981 12
4758 12
353 11
4889 12
1522 13
6741 13
4548 12
699 12
2156 13
7587 9
4203 10
4677 9
662 12
5750 13
6164 12
2528 13
3139 10
1899 10
4236 13
2809 11
2348 12
8264 12
772 12
485 12
4149 9
1334 11
5481 13
5528 11
2802 9
25 12
6988 12
9270 13
5840 12
3123 12
7444 13
775 13
5659 10
4635 11
3835 12
9570 7
7748 10
5424 10
488 12
2706 11
3057 11
3191 12
9182 12
9845 12
1366 13
103 12
325 13
8532 12
4593 13
9963 11
3363 10
1201 12
9337 11
4818 10
7036 12
9676 12
9931 9
2767 13
9058 12
5384 13
2006 10
8372 13
4870 12
1743 12
5395 12
2981 13
8896 9
2973 12
5026 11
2292 12
3313 12
4682 10
4240 12
6648 13
5277 10
6290 12
5072 13
4771 11
7736 11
4458 12
437 13
1225 10
4810 11
1898 13
1668 13
304 11
3820 11
7280 12
85 12
9049 11
4576 11
556 12
8810 11
811 12
8335 12
4131 12
588 12
5740 12
8710 7
8975 12
7443 12
5675 11
5723 12
7538 13
5970 13
3732 11
2828 11
5137 12
3884 12
2073 12
9991 9
5375 10
5771 9
2049 13
7670 10
937 4
5236 11
1944 12
364 13
2703 13
8774 10
287 10
9571 12
1514 12
7418 11
4071 9
1141 9
2784 11
4573 12
4836 12
9291 10
8980 12
3636 10
8556 11
733 12
5065 11
6603 11
9907 10
6353 12
2689 13
8661 9
5846 11
5872 13
949 12
5586 12
6436 12
1548 12
5658 13
2507 12
3302 11
1886 11
8952 12
8796 12
813 12
2596 13
3197 13
9186 12
467 13
5334 12
9206 12
1187 11
5018 13
5812 11
6379 12
8718 12
8221 13
7862 11
2634 12
8052 11
9284 12
6830 10
4068 11
52 13
618 12
5313 12
6596 10
70 11
7956 12
4202 13
7454 13
5516 9
4483 12
3433 12
6984 11
6559 11
4642 13
3841 13
6301 12
3790 12
1021 11
5062 13
3365 11
4532 12
9510 13
8215 12
3688 12
9102 12
2854 12
6132 7
3611 13
4581 11
6058 10
671 12
1105 12
3668 11
7121 12
4344 13
4569 13
2575 11
1858 12
8396 12
6378 11
9042 8
1363 12
4854 11
1433 12
8440 12
3158 13
8057 11
210 12
2397 12
7083 13
1503 8
2295 12
5973 11
4680 12
3902 12
6999 12
7003 11
8361 11
4439 12
9625 11
8592 13
5638 13
6929 12
7498 12
1566 10
1679 7
9812 12
2757 13
9633 10
5791 12
9898 12
3391 12
1594 12
561 12
5936 13
5601 12
3715 10
3160 12
4189 12
2025 13
4715 13
4640 11
6823 12
2555 11
2000 13
3008 12
9286 9
7115 11
4667 8
3951 11
5428 13
6806 12
6172 12
3039 12
6709 12
8942 11
8115 9
2107 12
5591 12
6010 10
3629 11
5390 6
7845 13
4176 11
5630 12
39 7
9180 12
3912 11
5581 12
3928 12
539 12
3767 12
7385 12
4906 10
4307 11
462 13
7606 13
2664 13
4551 12
9083 11
1506 12
2672 11
7465 10
187 11
8587 13
4156 11
6007 11
5661 11
418 13
472 10
5682 13
679 12
4665 12
9447 13
2294 9
1324 12
2983 12
8297 11
9139 13
9910 12
1422 11
5158 11
9752 12
7200 13
7056 12
3917 11
3946 12
5890 11
4540 9
2010 13
1410 10
4461 13
2478 12
262 13
3829 12
6514 12
5262 13
870 11
8191 12
4913 11
6326 12
2287 12
290 12
2126 12
8132 12
9229 11
2434 13
7935 11
9984 12
9861 12
5029 9
1019 10
3832 10
6441 12
3975 12
5184 13
5278 12
23 13
5293 12
6423 12
6433 12
4348 12
8229 11
5288 12
1845 9
3227 10
9742 12
6848 12
2439 13
8360 12
5304 11
8157 12
8366 12
7495 10
2317 13
6272 12
2710 12
6448 12
6116 13
4180 12
2960 11
5411 11
4517 12
1775 13
6274 10
7117 13
1032 12
4979 13
6361 13
2062 11
492 10
4496 10
5836 11
3805 11
3518 12
2217 12
7288 13
1254 10
243 9
5780 13
9436 12
1025 12
738 12
1200 9
1330 11
6509 12
4285 13
6149 12
6504 12
664 7
8921 12
1209 13
1860 10
2329 12
8403 12
9914 11
7367 10
2015 13
893 10
2181 13
1528 12
3728 12
1880 12
9950 13
9006 12
6922 13
484 11
8362 12
8364 12
9774 13
802 11
500 12
1360 12
672 13
2388 11
5720 12
3516 12
6581 8
7704 9
4064 11
9723 12
6027 12
3971 11
7170 12
8851 13
920 12
9757 12
8156 11
4082 12
8282 12
8430 12
7703 13
7092 12
1734 11
2502 11
1045 12
8943 12
5512 12
4969 13
9394 8
1876 12
6769 12
8650 13
7422 12
6106 13
8504 13
6857 11
7334 12
2649 12
4470 12
5472 10
1344 11
9155 12
9882 13
8437 4
6943 9
9051 13
6070 11
903 12
945 13
9709 11
9348 12
9877 13
1922 13
1520 11
4293 11
3700 9
1165 13
638 13
9542 11
2592 10
7331 12
4395 12
7017 12
7009 12
8628 12
1640 6
3745 10
8737 11
1406 5
2831 8
3654 12
1261 11
1042 12
5906 13
6307 13
4300 10
8445 13
3811 12
6042 12
1645 12
8709 13
3404 11
3789 7
9003 8
9814 9
2318 10
6463 13
5674 12
6117 10
9741 10
9894 11
1892 12
8874 12
9244 11
1106 13
2845 13
4690 12
3203 6
6357 9
291 13
6800 10
4092 12
9138 12
5249 12
4044 11
3947 11
3460 13
51 12
491 13
4865 12
8944 13
2221 10
2139 12
2393 11
4329 13
7344 12
6185 10
9760 13
8123 12
3145 12
5538 11
2866 12
2207 12
7860 9
4639 12
4313 12
4599 9
7961 12
6416 12
9462 9
6685 11
8714 13
2368 12
2800 12
6855 8
5099 11
533 11
8490 10
192 11
1276 11
9408 13
3535 12
2651 10
1882 12
2433 12
2690 10
4670 12
9033 12
3672 12
1434 13
9039 11
1673 13
7950 11
7330 11
4046 13
7941 12
7979 11
6036 11
2763 9
6794 12
5102 10
5194 13
7157 9
5621 12
999 13
3834 11
6118 12
9605 12
1096 12
736 13
8343 13
7089 8
7488 12
1997 12
3354 10
8965 12
1900 12
7284 8
531 10
3408 12
3604 11
9233 12
5952 12
6385 13
9729 11
6968 12
6977 10
5745 12
4112 11
8803 10
3991 12
2032 12
604 13
6753 12
5559 13
1328 6
6725 12
5034 10
1941 12
6839 13
1684 12
4434 12
3155 12
4794 9
8601 13
152 12
2363 12
1939 12
2256 12
3000 12
4144 10
2835 13
4852 9
7618 12
2886 12
69 12
5448 8
1657 12
1386 8
9840 12
123 11
136 8
3671 6
444 12
4188 9
1822 11
7937 13
2151 12
8583 9
5649 10
1940 11
3216 13
6615 10
405 12
3022 12
2391 9
940 12
8222 8
1305 11
8239 11
9029 11
9928 11
6814 13
3479 12
3543 13
7813 12
5881 12
8099 13
5475 12
5315 12
3881 10
3985 12
5654 9
9353 12
5420 12
724 11
2790 12
9543 12
5192 11
3711 12
614 13
6391 10
8517 11
134 12
292 8
4061 13
2818 11
2610 12
5793 12
181 12
6344 11
4504 12
767 12
9659 12
1295 11
8084 13
9060 12
8261 8
7395 13
5091 13
6625 10
2594 11
7572 13
1738 12
8890 13
9986 10
4266 9
6664 10
7177 9
3244 11
9603 13
1219 13
1381 10
6085 11
1401 10
1624 13
3965 12
3788 13
3100 10
2561 12
933 12
2848 11
8387 13
3854 11
7590 12
7783 12
4255 12
8895 13
8639 12
8762 12
1872 11
7686 12
623 12
9799 13
7816 10
6203 12
2279 10
7705 12
4118 12
2742 13
7252 11
1662 12
1533 12
2930 12
951 10
9624 12
1104 11
769 12
2040 9
6864 13
2962 13
108 12
8654 12
9733 11
9559 13
6100 12
2273 13
4427 13
1471 11
5642 12
536 9
6051 11
2086 11
1182 11
1333 12
7029 12
5354 12
6931 12
1530 12
3224 11
7035 10
9754 12
2625 13
1917 12
1575 13
7839 12
2135 11
3385 11
5833 13
2375 12
3434 11
1063 9
6825 9
926 13
7421 6
973 11
4807 12
6482 12
8204 12
2392 12
4869 11
957 12
1787 12
3129 10
2014 12
6890 12
2850 13
1 12
4795 12
2748 10
7224 12
2052 11
646 11
7151 12
8030 13
8922 11
4238 12
8867 7
1017 11
1279 9
8977 12
4035 12
4996 12
5509 11
5761 8
8948 12
7269 10
3780 12
3292 11
4905 13
4742 11
6909 10
853 13
700 11
8242 7
7323 8
9987 12
132 12
6949 12
653 13
4842 13
9238 12
7683 12
6877 11
3309 13
4897 12
4762 11
5806 12
3949 10
6605 10
1907 12
4230 12
3551 11
182 11
8076 12
6338 12
9358 12
8345 12
9499 12
8497 11
4292 12
3025 13
8557 12
2823 11
1188 12
6934 12
4185 11
7335 11
6397 12
1788 11
2533 13
5696 12
8880 13
4218 5
3779 9
9272 12
1167 12
2761 12
1691 12
7694 13
9290 13
980 10
3396 12
7837 12
2228 11
4892 12
2362 8
2253 12
8459 12
9217 13
750 13
9718 12
1984 11
5279 11
9065 12
950 13
5165 9
8770 12
3536 11
4281 10
8634 11
1767 12
8265 13
9892 9
46 12
1603 11
3753 12
8858 12
562 11
6060 11
2577 13
2945 11
5743 12
6472 12
248 10
7543 10
2730 12
8106 12
9720 12
2883 12
4020 11
465 11
3407 9
218 13
6198 12
7412 12
3890 13
1056 11
717 10
2053 12
2316 12
8725 10
9121 12
7724 9
4409 10
1088 10
1967 10
9952 12
7563 10
6654 10
4604 10
8600 12
1229 13
4930 9
4953 12
601 12
1750 12
1700 11
4536 12
1180 9
8702 11
4500 13
5650 12
1070 11
978 11
6439 13
2480 8
9032 9
5183 12
9948 11
4824 12
2700 12
8300 8
5051 12
7243 12
3335 12
955 13
9183 10
8868 12
2093 13
7211 10
1197 11
7628 11
2582 10
5449 12
535 13
7080 12
625 3
6094 12
4449 12
2266 12
3208 12
8782 12
4227 9
9652 13
5641 11
9228 12
6239 13
2492 11
6041 11
7354 11
6406 5
2120 11
1914 7
4871 13
4150 12
2825 13
3492 11
6600 13
4256 13
2102 12
4659 11
2204 12
7042 11
9044 11
1350 12
1378 11
5187 11
6359 11
6045 12
4122 11
817 11
7740 11
8891 10
3383 10
7321 12
8125 3
789 13
2187 4
464 12
6632 11
5796 12
8512 11
6265 12
8394 12
9019 12
575 9
517 12
1407 12
8100 10
8991 12
3086 12
8594 12
6006 12
3125 3
5664 7
6188 12
5442 13
9390 12
8393 10
7258 12
6229 13
7397 12
8905 13
7660 10
3124 13
8446 9
806 12
150 13
3472 12
2580 11
8582 13
5106 13
7963 10
900 11
6232 11
8912 11
5039 7
4280 13
5711 13
4498 11
5282 9
297 10
2653 11
9870 11
3295 10
41 11
7192 12
7260 10
1828 12
4909 12
6906 11
6124 11
4880 12
9922 6
2731 11
180 10
3559 12
3250 13
1081 12
8555 12
5576 12
8627 10
1247 11
9154 10
9638 9
9702 10
9168 13
8524 9
5930 12
4563 12
6714 12
6986 13
9374 13
2873 12
154 12
2076 11
7314 12
4435 11
2780 12
924 11
8404 11
8392 13
6364 11
6611 12
4743 12
7345 11
5068 9
5505 12
6322 13
9307 11
7197 12
3628 12
5752 12
4841 12
1783 11
7398 11
9778 12
7649 12
7256 12
4031 13
4983 12
5595 9
1109 11
5912 10
704 12
792 11
354 12
6194 13
3658 11
7738 10
3169 12
8283 11
6174 12
1134 11
4302 11
6453 13
5470 11
1513 9
9399 10
9895 12
7024 12
8917 11
6759 11
846 11
5178 12
2193 11
2412 12
6856 12
9143 12
2725 12
7535 12
8218 12
1705 11
6973 12
2589 11
6346 13
9023 7
6908 13
5879 12
5078 6
5634 9
4028 12
8799 12
7275 12
3054 13
9737 12
9829 10
8924 13
2455 10
1577 12
2839 12
4714 12
3756 11
8692 11
1463 13
3876 9
8823 10
8180 11
1610 9
7310 11
8258 11
9935 13
4866 13
8121 12
3180 11
514 12
9803 12
6019 10
915 12
1956 12
7287 12
2979 11
2597 8
6748 12
5394 10
2283 13
3941 12
58 8
1082 13
703 6
2489 13
7646 9
4510 13
2125 11
8533 13
3995 11
1606 12
1137 12
9175 12
7054 13
9606 11
619 13
2584 11
5123 11
1395 13
660 12
9765 13
8669 12
3063 12
4310 10
388 12
3667 12
2334 12
1865 9
3229 11
195 7
8060 10
5083 12
4096 10
3582 13
2895 12
3533 13
3988 10
7921 11
8881 10
7130 11
6415 9
3772 12
5466 12
3638 11
8442 12
596 12
4598 13
2004 12
7932 12
4294 12
2171 13
4481 13
9333 12
6321 12
369 13
3241 13
1112 8
5494 11
5176 12
7155 12
489 11
6354 11
1587 12
445 11
7881 12
7701 11
3569 12
2505 12
7154 11
4553 12
3467 12
864 12
8632 7
2938 9
9129 13
5604 13
5109 11
7712 12
5143 11
7180 12
5953 11
6578 11
9574 10
4663 12
2682 11
9073 11
7139 12
1980 12
5431 11
1873 12
5978 11
6151 8
8079 13
4282 12
8537 12
3058 12
7145 11
2785 12
1075 11
6565 12
9851 12
7209 12
9314 13
9520 13
421 11
8148 13
5965 13
2529 9
2521 11
9651 12
8271 9
7529 9
3409 11
3188 10
5608 12
8462 12
9090 13
3750 2
7113 10
1736 13
2749 12
8829 12
1066 12
9002 13
3921 12
4089 12
4859 11
2027 12
2535 12
2544 12
2186 13
581 12
5788 12
9860 11
1205 10
3389 12
1232 11
4135 10
5181 12
1224 13
3571 12
7591 13
3539 10
1272 12
2774 12
9026 12
3775 12
7955 11
7043 12
5301 13
4769 10
6679 7
7811 13
4454 12
3572 13
3786 11
7425 10
1776 8
5566 12
3853 12
5443 10
2075 12
1007 11
8313 12
4507 12
7445 10
2569 12
4373 12
5417 12
2539 7
2857 11
1889 10
9504 12
8128 12
1448 12
1423 12
9443 9
8321 12
3621 13
6237 11
655 12
7651 10
2660 10
4213 10
5305 12
9482 9
5969 12
3073 12
5361 12
4379 10
8274 12
7149 12
9623 10
5684 12
1792 12
9379 10
7566 12
6236 12
7109 6
2132 13
803 12
4050 12
49 12
6335 12
4501 9
8109 13
6233 12
9961 7
7984 11
5708 12
1625 10
8780 12
800 8
5129 12
7539 7
1306 12
9404 9
4588 13
9288 11
1008 12
9209 12
4749 13
5362 11
7074 10
9888 12
4384 9
3284 12
1215 10
1584 12
301 13
9727 7
7926 11
2698 12
519 12
2976 13
4737 11
7761 12
440 11
8225 12
5495 12
7745 11
1245 10
4645 11
9560 9
34 10
8176 12
4823 8
9256 13
2355 12
1721 12
5778 11
569 13
4078 11
9670 11
8363 10
91 13
8162 12
8370 11
6481 11
687 13
7596 13
9968 11
9540 9
5718 12
3639 12
9955 13
7624 12
6394 12
1816 12
3930 10
9996 10
8147 12
4902 12
7643 11
7196 9
5225 12
5749 12
4559 13
1563 12
8918 12
3677 11
368 12
2676 12
3914 13
5987 11
1993 12
8506 12
9682 13
4162 12
4088 11
3028 11
1695 11
2482 11
4825 11
6295 11
9656 12
9181 11
8428 12
7065 10
3093 12
935 12
6763 11
5828 13
1757 7
8340 12
1020 12
1689 12
6564 11
7382 7
7261 12
4258 12
5474 11
107 9
5894 12
7265 6
7033 11
5216 11
4369 13
6278 13
4248 12
2017 12
1638 12
5850 12
2856 12
6035 12
8344 10
4069 12
7991 13
3186 12
6454 9
2564 12
7729 10
9144 10
4233 12
9199 12
8941 12
8567 13
1851 12
6609 13
5832 12
7164 11
9825 12
5376 12
6209 13
9809 10
8136 11
5943 11
5548 11
5174 13
2591 13
6602 12
2337 13
1454 9
8792 12
3848 12
7239 13
5693 9
9411 11
3189 12
1497 13
4094 12
1780 13
7350 12
2637 12
8126 12
4779 10
5227 12
4457 10
3217 10
9146 11
7766 12
1505 11
1139 12
1990 12
4790 12
6703 10
6740 12
9586 11
2030 13
3352 12
1172 12
1777 12
2759 12
1107 10
5286 13
4452 13
4726 7
4534 12
794 13
719 11
6311 12
5663 13
3817 13
3575 11
5539 12
5281 13
1150 13
4580 12
3581 12
2376 13
4148 13
1589 12
6349 11
5811 12
2635 13
4328 12
1405 13
2783 12
6635 10
9918 12
2110 12
4703 11
4133 12
5909 11
6038 13
3259 12
8117 11
8385 11
6486 11
6039 10
7241 12
4199 12
4326 12
2519 8
9437 13
3270 13
1226 12
3453 11
5948 11
8489 13
7502 11
6946 12
2033 11
5774 12
8457 12
3305 10
7282 12
7308 10
1752 10
7880 9
6462 12
8748 12
6538 12
9740 13
1527 10
1580 13
966 9
3526 11
7773 7
3827 13
8597 10
233 13
3973 13
6343 12
6993 12
6744 11
9292 12
8778 13
8783 13
9262 12
2080 12
5784 12
7107 12
8629 11
9428 10
417 12
8388 9
855 12
5070 11
9342 11
6663 13
1890 12
1681 11
4792 12
9213 10
8236 13
3468 11
6566 10
9827 12
1866 12
6777 12
1006 12
9790 10
5323 11
3387 13
8426 13
4882 7
9453 6
5619 13
544 12
9830 12
1365 12
1761 10
2098 13
5995 8
7052 11
799 13
3375 11
8969 10
9792 11
9303 12
9463 12
2288 13
2511 11
331 8
5224 9
7497 11
8415 12
8604 11
3940 10
9067 12
5918 12
8793 10
3911 12
1166 10
9007 13
3437 4
455 11
2978 12
1478 13
708 12
2101 11
9597 12
6786 9
1248 12
4648 7
256 12
8087 11
7767 13
5993 12
1978 12
380 9
6947 13
7376 13
8847 8
4718 11
675 11
1534 11
5798 12
8025 13
305 12
1212 11
8595 11
18 13
3494 13
974 12
9011 12
76 12
8038 11
1664 10
6746 13
4970 9
5248 10
1445 7
8546 11
1817 11
4520 13
8548 13
1635 10
7259 13
8461 10
3682 11
9841 11
5553 12
9127 11
1878 12
5230 12
1926 12
8400 11
2723 13
8329 9
838 13
7467 11
8721 12
2150 11
3153 13
9354 13
4116 12
9716 13
1599 12
9749 12
2409 12
7187 4
5469 12
4948 12
1181 12
9210 11
3549 10
6244 13
3502 11
1308 8
4041 13
8949 10
7370 12
7327 13
4957 11
2425 10
6273 13
681 12
3314 13
1003 12
6376 9
3545 12
8429 11
4914 12
3766 11
1329 12
7732 12
1837 11
230 12
3602 9
3760 12
2608 12
8900 13
3400 11
1937 13
4578 13
6757 7
4054 11
2056 12
1682 12
2673 12
8684 13
7664 13
3514 13
4596 11
1895 12
8386 12
1457 12
9992 12
9455 11
7841 9
9014 12
2606 13
3976 11
616 12
9890 12
6242 11
1660 12
7632 12
795 10
7657 12
3845 12
7970 11
6370 12
2629 12
2766 12
8110 10
3042 12
8158 13
640 12
3759 9
9934 12
728 12
8061 12
7172 10
8409 11
1786 9
5757 12
2875 10
5707 10
3253 11
4006 12
9915 12
9932 12
4752 11
3892 12
6657 12
5287 10
104 11
4566 12
7744 12
5616 12
3200 11
5835 12
5267 13
2559 12
932 10
5521 10
3190 11
9359 13
8911 12
4325 9
2231 12
1841 12
5857 12
6687 13
683 8
821 12
1683 10
7257 11
5877 13
5959 12
5592 11
3450 13
1938 10
9299 12
4104 12
7339 12
433 10
3838 12
8435 12
2250 10
9660 11
6978 12
2275 12
9796 12
3131 11
670 11
7061 12
3482 11
8620 12
9446 12
4586 11
3683 12
786 12
6659 8
4159 8
8804 12
9268 11
6407 12
3929 13
2715 12
3287 11
3127 11
5593 12
6373 11
8383 10
1665 12
8766 11
7868 12
6569 12
2628 11
7551 12
4002 13
6614 13
2369 11
68 9
5668 10
887 13
3637 12
6305 11
2299 10
5579 13
5356 12
3318 12
7663 12
6165 13
4693 11
2282 12
3368 9
814 13
5453 10
3353 13
1590 13
5360 9
322 12
6649 9
7717 12
5545 13
4451 12
3878 11
4928 12
5772 12
6690 11
1942 13
4011 12
6867 11
2436 12
5047 13
4226 13
6369 11
3542 12
3560 11
4245 12
9544 13
2115 11
3422 10
8095 9
4528 11
6249 13
2302 12
4032 9
5040 12
7602 10
549 12
3499 13
3202 13
2168 12
1804 13
9689 12
4997 11
8515 6
1041 11
7981 13
7328 10
9858 10
2246 12
4734 13
7772 13
7262 11
3440 12
922 10
3735 10
4220 11
81 12
8468 11
252 13
6191 12
2619 11
6875 3
716 13
5221 11
7492 11
7756 12
4527 12
1479 10
5105 12
6880 12
7790 12
3748 12
8947 11
1148 11
5935 12
2716 11
3106 12
3670 13
1464 8
6719 12
4101 7
7503 12
5500 12
9250 12
8081 12
8640 13
3010 12
8326 11
1702 13
3999 12
6915 12
3528 13
8093 12
9677 13
21 11
9658 9
6178 12
1079 12
877 13
9170 12
8133 13
8245 12
7026 10
7375 12
6484 6
2459 13
5408 13
1286 11
743 12
7654 12
867 13
9388 13
7864 13
4609 6
2474 13
8752 11
6086 12
4208 9
3134 9
756 10
7685 9
5704 12
3459 12
6691 12
5902 10
7962 13
9580 12
7599 11
215 12
5622 11
9304 13
4429 12
8539 10
6399 12
3918 12
4567 11
1130 12
2490 9
2007 12
3167 12
613 12
1950 11
9533 11
8314 13
1494 12
1688 9
4706 8
8165 12
1539 11
2905 12
22 12
315 12
463 10
2387 12
6952 13
3478 11
8527 12
6816 12
1398 11
9070 13
8939 13
9097 12
6350 12
3534 8
236 11
7727 12
7499 13
2794 11
5218 13
5363 12
5326 10
7600 12
1310 11
6613 12
1989 11
6592 12
6766 9
7693 12
9962 12
2776 12
8227 10
2946 12
7760 11
856 11
938 12
2360 12
8685 10
3958 13
6936 12
9527 12
8270 13
7944 12
8683 12
6510 11
5490 12
1846 12
570 10
7781 13
1741 13
8614 11
5459 12
6208 12
4964 13
9215 11
7858 12
1278 13
6992 7
6976 13
9196 12
6604 12
546 6
4660 12
8520 12
682 13
735 12
979 12
8277 12
7278 13
4290 13
7433 12
347 12
6779 12
6040 12
5635 12
7281 11
4182 12
2251 12
8119 13
391 12
7045 10
1090 11
6582 12
4857 10
5669 12
5107 9
3151 11
4157 12
4954 13
606 12
4698 11
5116 13
6177 11
3519 10
4067 12
1509 12
4087 12
1977 10
3342 12
308 12
2384 11
8013 11
990 10
7025 13
7307 12
2435 10
1760 12
7968 5
2926 11
12 12
9538 12
8813 10
4043 12
7765 11
7462 11
6728 12
3566 12
3737 11
6052 12
4816 12
4835 11
8743 12
9613 10
1985 12
2612 10
1118 12
2236 12
8075 9
3527 12
5097 8
7053 12
376 12
6079 12
1596 10
6619 13
6722 10
6827 11
5563 12
5695 11
5628 12
6829 13
6905 12
5511 10
1862 11
7435 10
3574 12
3159 10
524 12
1311 12
1850 10
9118 12
6570 13
5177 11
3401 12
2815 12
3618 12
9784 13
4615 11
1615 10
1498 10
2070 7
5819 13
714 11
6201 12
995 8
5954 12
4194 12
1012 11
5359 13
876 12
8112 11
2426 12
6835 7
3785 12
7188 12
8498 12
4456 12
5760 13
2148 7
7933 10
7266 12
1711 12
1091 12
4843 5
3650 13
6001 12
5369 13
693 9
1798 11
7896 11
764 12
6257 12
1745 12
1049 10
7051 12
8456 8
9253 12
5197 11
8753 12
9101 7
4376 12
5588 12
3334 10
2064 13
9434 12
9132 11
8715 10
3268 11
2622 12
5344 12
9188 9
7731 11
7553 10
3730 8
7922 12
757 12
1867 11
9392 12
7564 12
5758 11
2522 12
2969 12
4757 11
8377 13
2276 11
1718 5
2496 12
3052 11
7347 10
6756 13
7918 13
8876 9
1849 13
7697 11
1830 10
4636 12
7338 10
7903 13
8711 12
7131 12
4814 12
3496 12
5223 13
8077 11
7546 12
5584 13
9671 12
3255 13
1671 11
3040 13
6166 10
382 11
711 13
4021 12
3411 13
3586 12
7273 13
9906 13
2871 12
9301 12
4711 10
8384 12
9330 10
7507 12
1439 13
1653 13
1039 10
4721 10
1535 12
217 12
2235 9
1655 12
398 13
5660 12
5371 12
3813 10
4803 13
2185 12
6127 10
6413 12
5924 11
1419 13
7814 11
3540 12
2558 8
7771 12
2719 10
3529 10
840 12
3483 12
7831 8
7442 11
4074 12
231 11
8144 8
2613 12
3495 8
1415 9
4357 11
3925 8
4349 13
1800 10
300 12
469 12
4425 11
6289 7
1403 11
263 9
9764 12
296 13
8933 12
2842 12
7110 12
6593 11
2031 5
6599 12
2128 8
3996 12
9269 12
5932 10
4549 13
715 12
54 12
9756 9
7676 12
3290 9
7023 11
598 12
7878 12
2958 9
317 12
4767 11
6434 13
8693 12
2840 13
6969 11
1888 13
1440 10
872 13
4158 13
7714 8
7958 9
6247 11
486 13
1911 11
453 10
9697 9
6017 11
8579 12
266 12
7359 11
2473 12
5818 12
2188 12
6843 12
5140 13
5220 12
4611 11
6421 12
1052 12
1810 10
5944 12
7542 12
9664 12
2488 12
3142 12
3701 12
15 12
5401 11
2573 10
2395 13
5033 13
4390 12
9203 10
3931 12
5985 9
559 13
9872 13
9998 11
4932 11
5350 13
7483 12
8827 13
8065 8
8226 13
1040 12
6588 11
1124 11
7126 12
3740 9
7474 13
7104 10
986 12
8841 13
389 13
7332 13
4655 12
3059 13
9169 9
4943 12
8092 11
734 11
9503 11
2383 12
3033 11
4053 12
1355 12
7928 13
3799 12
2868 12
8371 12
4 10
6917 12
930 12
3852 10
6286 11
2336 12
9791 12
5697 13
7635 13
6970 12
3512 11
8747 11
9763 11
3403 12
8540 12
5380 9
490 12
4831 12
5337 12
3071 12
1058 10
3070 10
6046 11
4152 12
3601 13
9016 12
8688 12
2046 12
2303 13
8168 10
7593 12
5212 12
3104 13
9383 13
129 12
1824 13
3454 12
1266 11
5863 10
790 9
4314 13
3986 11
5996 12
4646 12
246 12
342 12
3232 9
2241 12
9982 12
9817 12
972 12
3271 9
8172 13
2826 10
7787 10
9648 7
3430 12
5272 13
6788 11
9017 13
3538 13
2349 11
4132 11
8625 12
221 11
2262 11
4739 13
913 12
8904 12
227 12
5385 10
5149 12
1411 12
5135 13
360 9
4271 10
9683 10
1982 9
7916 11
6727 9
894 12
6491 12
4339 13
5015 12
7804 11
1416 12
8036 9
7960 11
1186 12
8021 10
6699 12
1586 10
617 11
9322 11
9313 12
6813 12
7329 12
1230 8
2506 11
478 12
1348 12
6314 12
298 12
4413 13
5951 10
9686 12
9736 9
3919 13
7988 12
914 11
7333 9
4117 11
3161 11
1488 10
6318 9
1934 12
6410 10
3258 11
912 10
1853 12
5409 8
3681 12
3117 11
7936 12
4411 11
8508 12
4933 12
4030 12
5567 11
1512 13
2189 11
5081 12
1881 11
8750 2
194 13
2998 12
6990 12
5101 13
5519 12
4956 12
3576 12
1291 11
3714 13
5399 9
7828 11
2920 12
7645 13
5429 7
3883 11
6300 11
2991 13
9578 13
6645 12
1331 12
229 10
7031 5
4424 12
7829 12
5462 13
1781 10
3895 13
3879 12
3679 13
7882 11
1847 11
4474 11
9247 9
5151 10
4086 10
9629 12
4139 13
5838 13
686 12
5776 10
7034 12
6736 13
862 12
1336 13
9094 12
3871 10
7873 12
9985 13
5922 10
289 11
985 9
4600 12
9134 13
8903 11
7851 7
2281 11
9666 12
886 12
2092 12
5790 9
9552 11
5607 11
552 11
5690 11
1347 8
8477 12
8525 12
3632 7
4994 13
5167 11
4147 12
2560 11
1011 12
1790 13
3507 11
2984 11
1135 12
1202 11
7195 13
3412 10
6252 11
2233 12
1332 10
6308 8
7371 13
6941 12
1176 12
534 12
164 13
9095 13
7696 12
1325 11
4546 12
9506 10
720 12
7238 12
6670 12
4108 12
1469 10
2390 13
560 10
3705 10
9782 11
6689 12
7142 13
8481 12
9959 12
4765 6
7184 11
3823 10
8694 13
247 13
548 11
8248 11
7437 11
6558 12
3280 13
6285 12
8843 12
7232 11
8295 10
8105 8
5461 12
2881 12
4987 11
5809 13
6030 12
4475 12
8828 6
2122 13
9739 12
3734 13
2980 12
5104 11
7028 11
1902 12
1227 11
2099 9
6226 12
7687 11
8821 12
8359 6
1487 12
9401 11
9641 12
9173 13
4891 9
1538 12
8553 13
7986 13
7374 11
5303 12
6351 13
5691 12
8074 13
8988 10
2328 10
6426 12
6531 13
9874 12
7846 10
1441 12
2786 13
2771 12
5789 13
101 13
1905 12
9513 11
7384 11
8317 11
8339 8
5533 11
3294 13
2534 10
4141 12
1194 13
1949 12
458 9
555 9
6246 12
8090 10
3746 12
8530 12
919 11
4761 12
4103 11
8246 10
7940 11
7049 13
9853 9
1613 12
1620 8
7897 12
2083 13
8463 11
6954 12
4633 10
8700 9
6386 8
1343 12
3627 10
8496 12
1078 10
5468 5
3698 12
8935 9
2896 11
4643 10
2687 11
7120 11
7219 12
2269 10
6525 11
5507 7
9208 9
4396 11
4316 12
1413 12
2043 12
2424 12
7169 11
2691 12
9410 12
1676 11
7353 12
532 12
6189 13
1962 9
6414 13
9789 13
2739 12
2923 13
8757 12
781 5
4297 12
1947 13
1723 12
8565 11
6844 13
847 12
55 11
3626 13
9614 12
6634 13
892 13
4052 9
4045 12
630 12
8015 13
9197 13
8576 12
5085 12
6716 12
6771 10
8094 13
4460 12
3739 13
5853 13
6572 12
3419 11
8016 9
1910 12
541 10
2442 11
2574 12
6866 12
7008 11
7992 10
7405 13
4719 12
650 12
2513 13
9161 11
6528 12
5190 10
3888 11
6083 9
1341 13
9893 12
5463 10
7541 11
1321 12
149 12
863 10
6135 12
3763 13
4597 12
8815 11
4584 10
2191 10
7079 9
1923 9
9235 12
6417 11
8475 13
3262 12
4005 11
9191 12
4251 13
1863 12
2089 8
8542 12
6119 11
2666 12
9780 10
3831 12
4198 8
4691 10
7847 12
8353 13
1759 11
2094 10
8026 8
6402 12
9335 7
7747 13
5570 10
3719 13
7579 12
7060 9
9364 13
8836 13
2640 13
1782 12
3678 12
3687 11
1740 12
7097 12
8122 11
3021 10
6580 13
3606 13
5059 12
6382 12
1455 12
3937 11
9237 8
2935 11
2697 11
4335 7
7082 12
3593 5
2647 12
8020 13
8447 12
2216 9
7786 13
9916 13
5153 11
6181 12
4387 12
8736 12
1646 11
1564 11
9093 11
5724 11
3761 11
1667 12
1260 12
3347 12
607 11
1739 11
3787 12
3005 12
4174 10
5419 9
1742 10
7473 12
7762 13
8424 11
1678 13
4286 9
5685 11
8618 12
4858 12
3751 12
9785 8
3691 12
5355 10
9085 13
410 12
5336 10
4231 13
8000 12
2793 12
7030 13
6893 13
4822 13
788 12
3343 13
7168 12
2581 12
4582 12
311 13
5551 12
2090 12
7487 11
1637 11
7480 8
3115 9
6955 11
8670 13
9516 10
1906 11
7644 12
3311 12
3567 13
5868 9
145 13
5253 8
3143 13
2644 12
4177 12
1630 9
8453 11
1408 11
746 10
2353 12
6111 13
2483 12
5130 13
71 12
1473 13
3436 13
9149 9
2843 11
6912 12
3773 13
6926 12
1238 12
9822 12
8682 11
7225 13
9285 13
8219 11
8883 11
7879 13
4924 12
3394 12
9283 11
1268 13
5219 10
160 10
6130 12
5520 13
3758 13
4537 11
3306 12
6112 8
2039 13
6545 12
4242 10
8541 11
624 13
2237 11
3598 12
6418 12
7148 7
9141 12
2545 11
338 11
2518 13
797 11
9579 9
4229 11
9767 12
6047 12
629 10
4716 9
8674 12
2140 11
1140 13
4497 12
6110 12
644 8
6075 11
642 12
6532 9
2663 12
4736 12
3428 12
944 12
8308 12
6752 10
4063 12
1161 9
5182 11
9589 8
3613 12
2002 12
3647 12
8767 12
6778 11
7075 12
7906 11
1818 12
6284 10
8080 10
4419 12
8914 13
1556 13
9294 12
2463 12
8281 5
9823 13
3920 10
963 11
1546 13
8761 11
3256 10
9891 13
7565 11
8794 12
1694 12
479 11
2404 12
4480 12
4407 12
5802 11
4995 10
9305 9
7166 13
7247 11
5731 13
2304 7
2936 12
468 5
1592 12
1857 11
1354 11
9089 12
2261 12
2965 11
3916 12
3390 11
2272 12
4381 11
5808 12
7647 12
6772 12
8869 11
2578 6
768 11
4463 12
3506 12
6281 11
871 12
7623 11
1565 12
7751 12
7063 12
1111 13
5017 12
6767 12
4554 13
9699 11
2893 12
310 12
8899 12
8307 11
7669 13
4524 12
2365 12
3717 11
696 12
4499 12
3122 11
2792 8
2244 13
3442 12
3393 10
1053 13
5575 9
634 9
9492 7
8608 12
4276 8
8278 11
1764 12
6324 12
4095 13
6642 11
8241 13
6784 12
8041 10
7561 12
4744 13
346 10
7817 12
1429 13
3175 11
9415 12
4214 12
1475 12
8754 10
4941 12
8652 12
884 12
6518 10
5393 12
9575 12
9886 12
394 10
5112 10
3150 12
9110 9
4206 12
2449 13
8173 9
4322 11
2852 12
2038 12
8679 13
6179 13
7861 12
3181 12
3825 11
7875 10
8337 12
3923 12
1369 11
6430 10
3101 12
122 12
4241 13
3664 12
4978 12
6260 12
5075 11
1722 10
5919 11
3144 8
2540 12
8438 12
3722 11
5168 12
337 12
9157 12
9678 9
3978 13
2018 11
6183 12
1794 12
8206 12
9647 13
6205 10
5677 13
5127 12
5506 13
2870 8
3289 13
401 11
2252 11
7852 12
9871 12
5574 13
5004 10
393 12
2147 13
7392 12
9414 7
7431 12
1000 10
8960 12
2743 9
1207 11
3312 11
9356 12
8878 11
2045 10
5502 10
7070 7
3304 13
5388 12
7111 11
7518 13
9582 12
7737 12
7763 9
654 9
776 10
8091 12
1609 13
7840 13
9770 10
6601 7
9994 12
1731 13
7508 13
8023 11
9120 8
4299 12
8992 13
1964 11
6089 12
8164 7
2741 12
4029 11
4111 12
3296 12
5121 10
7957 13
7112 12
4673 12
7656 5
8294 13
8151 11
1277 12
5374 13
8633 12
1677 12
9367 11
6791 10
5088 12
7299 10
1156 10
526 8
3485 9
9324 13
6892 12
8153 13
8522 12
3072 11
6498 10
3530 12
9505 13
4741 12
1076 12
902 10
4798 13
126 9
2308 10
967 12
4850 12
2183 12
8861 13
9903 12
138 11
387 11
2072 11
4518 11
9341 12
6141 9
2179 11
6913 13
3447 12
4070 13
1661 11
9071 9
2956 12
7315 11
4191 12
9522 12
3655 13
908 12
6607 11
8161 11
4713 11
2356 13
3504 13
2154 11
5572 11
475 12
983 12
5925 12
4876 13
576 12
6291 11
2448 12
5962 12
441 12
7293 13
6964 11
4650 11
810 9
832 12
1864 13
2599 11
9608 13
2136 12
8484 13
9053 12
8301 12
917 8
7800 12
7420 13
73 10
9255 12
2773 7
2366 13
1337 9
5759 12
3523 13
1420 10
1602 12
1812 11
6957 10
2400 13
8374 12
6851 12
5753 11
4619 12
6568 11
4444 12
8624 11
3055 9
9899 11
1588 11
5201 11
2065 10
8716 12
2764 12
7461 12
3080 10
8648 11
6180 9
8040 13
4169 9
8159 10
4469 11
1087 13
5530 13
8863 12
969 12
5928 12
3089 13
946 9
4333 12
9929 12
3634 11
7204 12
7001 9
996 12
3135 12
2982 10
2683 12
8177 13
7046 12
2931 11
3273 11
5756 10
7264 13
2705 12
6133 12
9805 7
9708 12
9194 12
854 10
6796 6
3690 8
4508 11
1547 10
4270 13
6431 12
6849 13
2975 12
9376 12
5464 12
505 12
4059 11
5816 12
6254 10
7098 13
5487 8
4999 13
80 11
8775 12
1491 12
7348 12
3501 12
3615 12
5556 12
9761 10
7464 13
9732 12
5284 11
367 11
2381 13
2245 8
5715 12
8029 12
7975 12
8042 12
2163 12
9826 11
110 12
7363 12
6667 12
3979 10
1142 12
4288 11
2543 10
9539 13
6711 12
7898 13
9385 12
1992 7
429 7
452 13
8551 11
7277 12
5053 10
2961 12
2182 10
1758 12
9495 12
2514 10
6983 12
26 11
6573 11
5011 11
4472 8
4808 10
9713 12
5252 13
7251 12
7004 12
3561 12
2223 11
439 12
7891 12
1292 12
1771 10
5498 12
2562 13
6530 12
1968 12
7133 10
1185 10
7304 7
2178 12
3345 12
2338 10
8739 13
3154 9
5982 11
1468 13
8687 11
403 13
8063 12
1933 8
1612 11
4337 11
3172 13
4102 12
1477 12
2361 13
8166 11
1826 12
4016 12
4577 12
7951 12
6477 12
4993 12
6327 13
2077 12
7105 12
4464 11
8292 11
8961 11
1484 6
9471 13
6737 8
669 12
5917 8
4355 8
4391 11
9041 13
2340 11
7144 12
904 11
6341 13
1972 8
8926 12
1083 9
396 11
1789 12
3950 12
6371 10
7993 12
7573 10
8407 9
7934 12
4793 13
9926 10
9310 10
5455 11
3193 9
279 11
3791 11
1659 8
2491 12
4519 12
1437 11
4129 13
1542 8
2650 13
7716 11
5594 13
9611 11
626 12
3319 13
5204 9
9387 12
9200 11
4008 10
4007 13
4489 11
285 12
3164 7
2702 12
3333 13
5324 12
4334 13
4486 13
2527 12
4467 10
4448 10
7902 12
7037 11
9293 11
2526 11
5044 12
4296 6
9338 12
4127 11
3893 11
2301 11
8995 11
3012 12
2830 13
3553 13
8974 9
6517 13
8111 12
6193 12
5644 8
5858 13
2899 9
1300 11
9964 12
8680 9
6617 11
7728 13
8984 6
748 11
592 11
1929 12
1973 12
6312 13
5416 11
7603 12
6478 13
6861 12
9562 11
6020 12
2865 10
8252 12
6495 11
5986 12
7791 13
1432 11
1986 13
6502 13
1486 11
7769 12
2964 12
8302 11
7222 12
6620 8
8310 9
3755 12
6833 12
8008 12
6579 12
5636 11
9942 12
2567 13
5264 12
8237 10
1852 11
6626 12
1089 12
2537 12
9852 13
4485 12
1913 13
7699 10
780 13
5901 12
977 12
6197 11
5742 7
1352 10
7362 8
7129 12
3092 11
6782 12
9259 11
6471 11
3998 10
4459 11
5562 11
3445 13
3303 12
4669 11
9004 12
2173 12
7482 11
7340 11
2498 12
4389 10
3488 12
6971 13
9867 13
5245 11
8034 12
8501 12
8298 12
6891 11
7782 9
4512 12
1397 12
651 11
9567 11
8707 11
6261 11
4394 8
9069 12
542 12
9821 11
1071 12
5666 11
7803 12
3651 8
7401 8
167 11
2859 13
7271 11
3108 12
8885 13
6049 10
8839 11
1094 12
109 11
9345 9
7818 11
4024 12
3452 12
1525 11
8744 13
9768 11
3513 12
5003 12
8955 12
4303 12
6750 12
2309 12
6090 11
116 13
7427 11
487 8
9627 13
859 6
9743 11
7002 12
2623 11
424 10
3416 13
1644 10
2609 11
6105 12
8563 9
9563 12
8561 12
9975 13
4151 11
148 11
4590 12
6489 12
1686 12
5841 11
1427 11
4555 10
5386 12
9111 12
3212 9
9566 12
5580 10
9309 13
8507 11
9848 10
9407 12
3074 13
3515 6
8723 12
264 12
9525 13
111 13
4289 12
9484 11
3291 12
8341 11
6057 12
2638 11
2041 12
8698 12
833 13
9999 12
8811 12
7301 11
5550 10
6276 11
2940 11
4587 12
9707 8
9529 12
5422 12
3474 12
8380 11
6240 9
7904 10
3644 12
9450 11
8247 12
1732 10
6176 12
1241 12
7612 10
4420 11
2428 12
7207 12
609 13
3179 12
6809 13
6225 10
3969 10
6834 13
2443 12
881 12
4207 13
6140 13
5318 11
4697 12
5273 7
7679 13
4146 11
9156 11
9619 12
6358 12
3261 8
2636 8
4423 9
3265 13
9474 11
6533 12
6962 9
8722 11
7135 11
1460 12
3267 12
5497 9
2994 11
6503 8
7040 9
2779 11
7390 13
8338 13
3620 12
7859 13
4592 12
1132 7
7620 12
4405 12
6136 10
140 13
5237 12
7578 6
7005 13
6846 12
1838 12
5560 10
9425 11
3724 13
7974 11
5163 12
4676 13
7010 13
6776 8
3955 12
4037 10
9433 8
7236 12
6222 11
3742 11
9190 11
4725 13
1885 12
9549 13
9669 12
6661 11
460 11
7885 10
3765 12
3094 13
3623 12
5725 12
1988 12
6859 13
7614 11
5155 13
9745 13
6383 11
503 12
2069 13
9420 11
7057 11
6393 11
1097 10
2019 12
4942 11
2203 11
3815 11
6120 12
8235 12
9393 13
2421 6
4356 12
5820 7
7949 12
753 11
2602 10
3642 12
8035 13
8470 13
4701 10
8946 12
7311 12
137 12
883 10
1301 12
4958 12
5441 12
5352 12
4418 10
1601 7
4830 11
4601 11
5426 11
591 12
4886 10
8188 10
9375 3
7326 12
329 12
7595 12
5368 12
6961 13
313 12
8846 13
8686 12
4631 12
2627 12
4685 12
2704 9
8690 8
9806 12
8822 13
4868 12
3240 12
1283 13
9583 13
2523 13
1996 10
3957 12
4081 8
374 13
9534 12
3784 10
976 7
4717 12
8129 10
779 12
9620 11
7161 13
1264 10
4025 11
3859 11
8612 8
6016 12
7298 13
5333 11
4805 12
261 12
9876 12
321 9
9755 13
8263 11
3675 10
2242 11
3970 12
3455 13
1701 12
3246 10
1092 13
1501 12
5117 7
2401 8
7545 11
9901 13
8233 12
1417 11
9864 12
8287 11
918 12
9444 12
370 8
8045 13
5173 12
540 13
6512 13
3126 12
713 12
7668 12
79 12
6333 12
9681 12
2626 9
274 12
1367 7
2890 6
6123 12
7520 12
9018 10
8449 12
4235 12
6457 12
7477 11
8800 11
1031 11
7799 11
6464 8
56 12
3706 12
4211 12
8928 12
9880 11
7386 10
1591 9
9222 10
4922 12
2081 11
29 9
9528 11
4853 12
631 11
7076 11
8007 7
3603 12
2267 11
1805 9
4124 13
6409 12
5911 13
1234 13
6653 13
975 13
8699 13
6868 12
8419 11
5074 12
8819 12
4359 13
1385 13
3228 12
9635 11
6698 8
873 10
3596 12
7068 12
5827 12
3899 12
953 11
3421 13
3178 10
868 9
1581 8
8703 12
2806 13
6995 12
3133 13
8319 13
7194 12
2674 13
8053 12
6217 11
8617 10
1809 13
5312 4
3774 10
422 12
163 12
4607 12
6171 6
5903 12
273 7
7019 12
5021 11
9478 12
7797 10
7758 10
4065 12
7468 12
1774 12
8232 9
4004 12
4309 13
3898 11
2670 10
7776 12
6087 13
4940 8
239 12
6747 9
1136 10
3443 11
5298 12
6465 12
4415 12
6155 13
8480 10
5589 13
8568 10
5079 12
6022 12
6819 13
2557 13
8996 12
5598 12
8659 12
8990 11
1474 9
3056 12
8127 11
5456 12
6287 12
1796 6
328 11
2798 12
2280 12
9846 11
9610 12
8315 10
5939 11
7379 11
8656 10
8593 5
1896 11
5639 10
2566 12
1074 12
4471 13
6404 12
3579 12
2791 13
3680 9
3102 11
3361 11
3195 11
9958 11
7554 12
6304 12
7479 13
4168 13
6675 12
2111 11
8002 10
9226 13
9419 12
9834 9
6337 9
850 12
5851 11
5499 11
7048 12
9405 12
2103 13
302 9
8573 8
602 11
1656 11
3171 12
5027 12
5908 12
6154 12
6095 11
5678 10
4392 12
7938 9
8178 10
7404 12
5689 12
4260 12
5438 9
2284 8
365 10
9308 12
5066 12
997 11
9214 12
2290 12
6662 12
3531 11
5202 12
1675 12
9618 9
3584 12
7356 13
6336 13
9022 13
6621 12
6213 12
9340 10
7893 12
8741 12
6643 12
6113 12
8972 12
6805 9
1131 13
498 12
1823 12
7945 11
6275 12
4575 12
7515 12
6762 12
3983 13
6063 9
2429 13
3424 11
9497 12
2849 12
270 11
5813 12
885 11
276 12
6206 12
4466 13
8418 12
9112 11
9439 12
2322 13
2869 13
6898 13
8910 10
8138 13
1357 9
9296 6
2656 5
7011 8
2696 12
8704 13
1706 12
1827 11
9615 11
6678 13
9988 11
3718 12
9038 12
4187 13
727 10
1519 12
481 13
3332 12
5157 12
9712 10
1339 11
1452 12
9978 11
9612 12
1920 11
9536 12
7700 12
3749 13
7343 5
2396 10
5710 12
7189 11
6392 12
9278 11
2570 11
2212 12
7843 11
5124 12
2268 12
6104 11
7458 12
9568 12
7978 12
6885 12
5921 13
3321 12
718 12
787 11
7027 12
2814 11
8405 12
7223 11
395 12
3610 12
3555 12
6591 9
7369 11
6263 13
8642 12
9728 12
9327 11
16 11
1517 13
742 7
1998 11
1579 12
5513 11
8892 12
7749 12
9430 11
9777 11
1196 12
6548 12
5717 10
3833 12
9783 12
9599 9
9397 12
6831 12
7666 12
2133 10
648 13
1582 12
9980 13
8257 12
3205 11
834 10
4884 11
1746 13
2258 12
6515 11
1716 12
866 12
7303 13
4001 12
5043 10
3215 12
4279 12
8069 13
5568 12
8433 12
3435 12
1152 12
852 12
8011 10
4654 11
306 13
9300 10
2248 12
1516 12
6865 9
7411 9
7193 11
6156 10
165 9
1465 12
7567 13
574 13
7484 13
1016 12
7215 13
8764 10
5122 12
1273 13
299 11
1802 11
9328 12
1801 12
335 13
4253 12
8269 12
5997 11
7439 13
8590 11
7577 13
7127 13
7866 12
6624 13
5175 8
3301 12
3907 12
5629 10
8732 11
9816 11
509 11
8116 12
5454 12
3684 13
139 12
7824 12
3800 11
281 13
3541 11
9381 11
5984 13
6874 13
7833 11
2202 12
6732 10
9378 12
3166 11
4774 9
8768 13
8785 12
6199 13
6550 12
5055 11
4985 10
739 11
5180 10
5955 13
1981 13
7856 12
5770 13
3446 9
8958 13
6023 13
1361 13
6303 10
1568 11
2029 12
3662 12
7757 13
5057 13
4571 12
5316 10
9703 12
9189 12
5069 12
5491 13
7366 13
1080 11
652 12
4259 11
7764 12
5094 11
5357 11
3934 13
6445 7
7562 13
2838 11
6501 12
3349 9
2822 12
2724 9
9461 13
9553 12
1173 11
4624 12
2061 12
3476 7
6342 10
9941 8
5229 10
1953 6
2091 11
4770 12
5961 10
1183 12
7268 12
1030 12
2903 13
5164 13
6774 12
5321 9
4012 13
8913 12
6065 11
712 9
7667 11
7069 13
628 12
4433 8
1883 13
2161 13
8859 11
245 11
8185 11
4849 11
3078 12
4505 13
4319 13
1412 11
119 11
9884 12
2878 12
4934 13
9230 12
2951 12
1178 12
2970 11
5899 12
1015 6
9776 12
7100 12
6852 11
9831 11
5302 9
5160 10
3046 6
9365 9
8726 12
8267 12
7990 12
450 11
2943 10
6452 12
7789 11
3013 11
744 11
8414 11
1047 12
8352 12
958 11
8368 9
3254 12
1795 13
637 12
121 10
5145 13
6790 13
5727 10
8089 13
5260 11
9227 9
2922 12
991 12
202 12
7830 13
8791 11
6948 10
8728 12
4610 12
9346 12
2313 9
3782 12
4937 11
1585 13
2026 10
1302 13
269 12
3336 11
3696 12
677 13
6894 8
4911 9
722 8
6693 10
320 13
9919 11
6467 12
1924 12
9076 10
7182 10
9889 11
9813 13
2159 11
7059 13
5532 12
7073 12
4678 12
1717 13
5006 11
6644 10
551 12
1009 13
1821 12
9479 11
9688 4
4620 11
5032 12
4873 12
5848 13
3743 12
5927 9
1068 10
9628 8
3317 11
3904 12
3804 12
8210 12
639 10
1257 12
8733 12
356 12
819 13
8175 11
8689 13
3522 12
3371 12
4515 13
9467 10
4278 11
1987 10
9260 12
9588 13
3373 10
2475 10
6259 9
7387 12
7221 10
4358 12
9318 12
989 13
2060 9
8536 11
2770 11
9427 13
6505 11
7450 9
6733 12
8893 11
6128 12
6270 12
928 12
5254 12
1179 13
823 12
1504 12
7742 13
3326 11
961 10
2472 11
3372 13
7313 9
115 12
9145 12
9315 8
1778 11
5610 10
7746 12
1825 9
5378 12
1492 13
5510 12
3018 11
8581 12
8745 10
2819 12
6159 12
6802 11
7967 13
9045 12
8212 9
9523 11
726 13
6061 12
1216 12
7400 13
6522 13
9642 13
7093 13
8273 11
2536 11
615 9
643 13
2330 11
1769 12
3665 13
5847 12
1619 13
4608 13
5309 11
6268 13
1177 11
363 12
689 12
6451 11
6516 12
8003 12
9329 13
9643 10
7272 12
7927 12
3234 11
3392 13
2385 12
962 12
3230 12
8154 9
1404 12
309 11
8676 12
8864 11
839 8
5089 11
8607 10
1392 12
2141 12
6795 13
8927 11
5496 13
1836 12
830 12
1576 10
8262 12
747 12
5113 12
1174 12
8471 10
7569 12
1970 12
7674 13
2408 11
7608 12
95 12
7248 12
7018 11
9456 12
3587 13
1572 12
9040 12
5535 13
4557 11
2213 11
7525 12
9519 12
2259 13
2788 12
5440 11
6760 12
9344 13
5185 9
186 12
1258 13
5235 12
4017 13
4477 10
1709 12
7919 9
6540 12
3471 10
2837 12
7118 9
9565 10
9973 11
141 10
2097 12
9147 12
8493 12
8376 12
9021 12
5966 9
589 13
8134 9
6918 10
5295 12
9422 13
8487 11
5878 8
7910 12
3221 13
1067 13
6161 9
7558 8
4468 12
5794 13
3777 12
1462 12
7511 11
7368 12
7994 11
7825 13
9590 12
2462 11
5210 12
8518 12
5292 8
9485 12
446 12
8665 13
1884 9
1755 12
9849 12
8141 11
3264 12
7283 13
8425 12
8751 12
7058 12
2912 12
6704 12
6227 11
6182 11
2143 10
3032 12
527 12
7230 10
8455 13
5880 11
6534 11
4437 13
7855 10
430 12
7575 11
9873 9
8713 12
5692 13
1703 10
7156 13
9847 12
3355 12
5437 13
6480 12
7914 10
5300 12
8012 12
3425 12
7672 11
5766 10
7613 12
8809 12
6450 12
1099 11
9133 12
2084 10
3182 13
2324 12
7165 12
3458 11
4491 13
4894 12
8291 12
7735 12
4340 10
8059 13
6863 12
183 12
2307 12
7279 10
9668 8
8047 12
658 13
5687 13
1893 13
8379 12
2768 10
7407 12
3030 13
8826 12
2321 12
890 11
8603 12
9263 11
6720 11
6014 13
1963 12
3275 13
1536 13
7574 12
1191 12
6651 11
4929 13
2907 12
2194 12
8332 12
9361 12
176 12
3987 12
8256 10
75 11
5656 11
7702 12
4780 12
4432 13
858 13
8131 11
3738 12
6688 9
5830 12
1275 12
7832 12
3764 10
2312 13
3173 9
3945 7
3757 12
5258 10
6546 13
1521 12
6384 12
1901 11
2499 13
5768 11
3066 12
9298 11
3415 12
2430 9
3578 10
6153 11
1663 13
2966 12
6271 11
6459 10
1806 12
4022 13
3469 12
6475 12
6907 12
7889 13
2082 12
1252 11
4401 11
4712 12
307 10
9231 13
842 12
2661 12
8196 12
5946 9
2667 11
5234 6
2953 10
1946 12
9448 10
3798 9
7381 13
2699 10
6339 11
7948 8
3163 13
7532 12
5335 13
8005 12
5329 12
3384 12
836 11
3686 12
219 10
793 12
3622 9
5365 10
9639 12
9600 12
4735 9
8187 13
17 12
8085 7
5585 7
4763 12
5765 13
2777 10
5348 11
5914 11
461 12
3165 12
5000 0
9030 12
2583 12
5540 13
2209 12
656 11
3213 12
3487 11
8184 12
5578 12
3550 12
8194 12
158 11
8179 12
9061 13
6388 11
2902 12
8473 11
3011 10
7883 12
7341 12
7185 12
5613 12
224 9
7609 11
4073 11
5471 12
8250 13
3248 11
577 11
6519 12
557 11
1831 12
2405 13
7987 8
1338 12
2997 9
5314 11
1055 12
9172 12
1145 13
260 11
1004 13
4641 12
3959 10
1874 13
3359 6
6633 12
512 12
3585 11
7796 13
3869 11
8240 12
8771 11
1975 12
3007 7
6255 12
1935 11
8467 12
9878 10
7597 8
2611 13
3697 11
94 11
880 11
7798 12
179 13
9746 8
611 12
2130 11
4998 12
9924 11
2407 12
3736 12
2888 12
4284 12
8460 13
1943 9
3272 12
578 12
7753 8
86 13
2639 12
5895 11
9640 11
3038 11
4196 12
3508 12
9311 12
2315 11
5577 11
2477 11
1204 13
3544 9
4488 12
2509 9
5482 10
9103 11
6389 12
4514 12
3029 12
1450 12
8660 13
7430 9
4034 11
4992 11
3076 12
7325 11
9594 10
9675 11
6160 13
4675 12
9152 12
9616 12
9257 7
6549 11
8888 11
4789 10
9885 11
7550 11
6506 12
3369 12
5632 12
9557 11
7470 9
1724 11
9258 12
820 7
6340 12
2382 7
6148 11
1875 3
6297 13
4679 11
7414 12
1961 13
5403 13
2331 12
4170 12
657 12
8812 13
9967 12
2145 11
8108 12
9592 12
5764 12
9601 11
2954 12
5412 12
8349 9
8538 13
1034 8
2358 12
4799 10
4018 10
3463 11
5465 11
4753 12
9645 11
1400 13
9211 12
8272 12
1313 10
6873 12
3692 11
6841 12
5231 11
9008 10
9679 12
8476 7
48 9
5444 12
7734 6
891 12
9451 12
2222 12
5036 11
4502 12
102 10
7709 10
9441 12
2977 9
5716 13
4802 12
6053 13
3475 13
3053 12
9319 13
4766 12
135 13
9856 12
3141 11
4564 13
8940 10
3562 13
6876 12
829 9
3398 7
2579 12
2789 11
8724 13
1622 11
5777 12
8588 10
1672 12
8432 10
2858 12
5631 11
641 11
6612 11
9400 12
5480 12
6710 11
9435 11
6187 11
5699 12
2937 13
3308 12
2447 11
5614 13
3880 13
553 12
1928 10
3646 10
571 12
6622 11
1356 13
8807 13
5670 11
6951 12
295 12
2047 11
1282 12
2406 10
9693 12
1626 12
7823 11
5544 12
4657 9
8644 12
7615 12
2344 12
1390 13
9808 12
5341 9
8066 12
4450 11
4644 12
5618 12
8224 11
8938 12
1749 11
8451 10
3252 12
2504 10
2058 12
6080 11
593 12
2174 11
8712 11
7141 12
213 13
6067 13
3897 12
1720 11
6656 11
7438 12
8474 12
9452 13
8653 11
8068 12
5747 12
9078 11
78 6
6980 12
2532 12
7710 12
7636 8
3206 12
4351 12
4863 12
9526 10
6458 13
3989 12
3744 13
377 11
1698 8
2350 12
826 11
2013 11
7973 12
3338 13
5518 11
9274 12
4552 11
2234 13
5031 11
6658 13
9323 12
3524 9
5171 12
7557 13
7383 12
6190 8
1713 10
4093 11
89 11
2711 11
3964 8
5261 12
2195 13
447 13
409 8
185 9
7134 12
9412 12
2990 12
7888 12
9243 12
3809 12
8973 13
666 11
7191 10
5866 12
8182 13
5423 13
9979 12
4687 4
3997 13
6646 11
482 10
1636 12
663 13
1918 10
1059 12
7361 13
4602 12
8571 12
8382 13
130 13
5096 13
3874 12
5873 10
9850 11
6810 10
993 12
113 12
9696 13
9857 13
2199 12
1785 13
4949 13
188 12
9810 12
572 11
220 12
4968 12
2067 11
24 10
1945 11
5979 12
8 13
5950 13
7429 13
4632 13
8558 10
4312 11
1318 9
8825 11
8197 13
5913 12
344 12
2910 12
4572 11
7581 12
3420 12
1835 7
3090 10
5013 13
3953 13
33 13
948 11
6765 13
5975 13
4874 11
2707 12
7244 13
6739 11
117 7
9972 12
3490 10
8968 13
9551 12
1126 13
2243 12
5299 11
695 11
2801 13
9325 9
7601 13
7044 13
6466 11
3366 12
43 10
8915 9
8001 13
8801 12
4345 9
8028 11
7064 13
1307 13
1101 13
5729 11
5243 9
2289 10
4764 13
3795 11
3473 11
2736 11
934 11
9442 13
9005 11
4416 11
5271 12
6034 8
4574 10
90 12
2571 12
6683 10
2169 11
1255 12
9954 12
5541 10
5037 12
8143 13
286 13
7249 13
211 11
3183 8
8163 13
459 12
9524 12
3556 11
2917 12
5098 12
7688 12
4277 12
1815 8
1163 11
2746 12
2255 9
5522 12
7580 11
1184 13
1244 13
10000 13
4190 11
5120 12
8953 13
4252 10
4165 12
4658 12
752 12
1069 12
8244 11
2821 9
9917 10
283 12
6152 12
4821 12
9909 11
6652 12
5222 12
3942 11
7153 12
2549 12
9593 13
44 12
3113 12
564 13
1481 11
4353 12
6427 11
2590 12
1493 9
4729 12
13 13
190 10
7671 12
3510 10
1235 10
483 12
1206 12
5206 11
2546 12
3915 9
4428 10
1458 13
8064 13
1210 7
4840 11
5648 13
2277 12
3982 12
6446 12
4330 10
4197 13
4888 11
2657 12
2493 12
1558 12
6033 13
9657 13
5400 12
1674 10
7039 13
5527 12
9995 13
4709 12
1418 12
7980 12
1578 11
2413 11
8208 12
6056 11
5289 11
9844 5
8255 13
8046 6
2153 12
6911 11
6842 11
60 11
4935 10
895 11
2996 13
5110 12
9747 12
7592 10
4919 12
244 12
5203 13
3041 10
4931 12
5590 10
2205 13
1931 12
8324 10
8526 11
3818 9
2740 11
9798 12
5524 12
323 11
7408 11
9445 11
4977 11
9811 11
2260 10
3147 12
2775 11
4342 11
7650 13
568 12
5599 13
6900 12
6804 13
4269 12
4417 12
2314 12
1024 9
7103 13
3176 12
6479 10
5108 12
2598 12
4430 11
7826 10
1951 12
1699 12
6956 12
3547 12
6319 12
82 10
9423 9
1054 7
8777 12
8452 12
1839 13
9990 13
943 11
9429 12
3426 13
1532 9
3286 12
1290 12
7892 11
2200 13
6966 13
1756 13
3034 12
5418 13
1035 12
9706 13
171 12
2142 13
1966 13
1921 12
1270 12
2172 10
8619 11
5240 11
3862 10
8916 12
6541 13
4531 5
87 9
5410 12
9273 11
6629 13
3417 8
9160 12
8234 11
3656 10
7659 12
5191 12
6221 12
8930 10
9391 11
5477 9
1326 12
1044 9
4562 11
3035 13
5900 11
9289 12
3816 12
1552 9
1629 13
3274 12
4523 11
9795 9
7594 11
4107 11
2643 11
4966 12
7402 12
5052 13
3770 12
3079 13
6400 13
3324 10
508 12
3860 12
5049 12
131 10
3497 11
4421 12
1844 13
1483 13
2066 12
5865 11
2781 13
9048 12
7925 12
7171 13
2085 12
3796 12
8773 13
4939 13
5297 10
3121 12
8395 11
9576 11
9373 12
4106 12
8664 12
5722 8
1912 12
5958 11
7510 12
6523 7
371 12
476 13
707 10
3909 12
4688 12
9212 13
5161 12
3423 12
2642 12
2572 13
2357 10
4442 13
8305 10
6048 13
3003 12
2795 12
7634 12
1358 12
9726 13
7929 7
7014 12
8635 12
7378 12
406 11
5134 12
378 12
379 13
4298 11
9281 10
8622 9
4647 13
9459 11
1231 12
9052 9
6099 11
6096 12
9573 12
345 13
2941 12
6755 12
8114 13
4066 10
2520 12
2096 11
3406 13
8566 12
1250 2
9047 10
6011 12
6886 11
1093 5
1391 10
8312 11
8886 8
4724 12
3645 13
7548 9
665 12
5992 11
7915 12
5067 13
3225 12
5573 12
1770 13
3096 12
2684 13
8390 11
7698 12
5823 12
1155 13
7351 13
5478 12
268 10
4408 13
627 11
2471 12
7132 13
4627 13
4385 12
7522 12
3350 12
2668 12
2034 12
1362 10
3370 11
2621 10
4217 13
1995 12
929 11
3617 10
3710 7
9116 12
6738 12
4080 13
6054 7
2971 12
9532 12
8788 13
9220 11
2796 13
4221 12
7633 11
1623 12
339 12
7876 12
547 12
495 12
5392 11
4370 10
6942 13
4900 13
3247 12
1379 12
8223 12
2190 12
205 12
7863 12
4796 11
4402 12
9772 11
2037 11
4410 12
7448 12
1930 11
4374 13
4027 10
4589 8
128 11
5144 12
9966 10
2617 7
5886 12
1346 13
7626 9
4378 12
2380 12
8717 11
275 11
3589 12
8167 12
3729 13
6474 9
5436 12
5804 13
6895 12
4195 11
7653 11
2423 11
7989 11
8956 11
6921 12
9502 12
1159 12
1670 12
5319 12
6981 13
9254 11
4561 12
7768 10
9555 10
1470 12
7320 11
4800 12
9224 11
7805 12
2948 8
5493 12
3819 12
7434 13
2932 12
9832 12
6419 13
5826 11
3377 13
4114 13
3863 12
7534 10
1372 12
9512 12
28 13
3990 11
1748 12
8585 11
1098 12
4167 12
1719 12
5781 5
1697 13
6412 11
6547 10
1298 9
9232 10
7682 11
2658 11
3493 12
159 12
7136 12
6129 11
6798 11
7205 13
265 11
594 13
8062 11
4872 9
4535 10
6985 12
4778 13
3282 12
5002 11
6207 11
5643 13
3762 12
9925 12
4057 10
1927 13
5867 13
3927 11
1621 12
7229 12
6686 12
2005 13
6150 13
3116 12
62 13
4622 13
2481 12
8845 12
6296 12
3570 11
7152 10
1597 12
3293 12
7658 11
3511 12
6108 12
7084 10
2437 11
1574 12
4130 9
5739 11
3900 13
1952 13
8746 12
7513 13
6377 12
7296 11
4696 9
4273 11
9835 12
3563 9
8547 12
988 12
3778 13
5785 10
6872 11
1489 12
499 11
5546 6
6904 9
146 9
5754 12
6266 11
4200 11
2735 12
3184 12
7780 12
6820 10
4388 13
2694 13
1540 12
6294 12
5732 9
7449 13
8882 12
5558 12
419 9
4232 10
358 12
9621 12
35 12
2925 12
8962 12
7692 11
8562 13
6021 11
3137 12
2050 8
9500 13
6173 11
1502 13
7754 12
6420 10
5662 12
3913 12
7478 12
59 12
314 11
2808 12
2939 12
45 11
9493 12
1650 12
9738 11
2298 13
3456 8
6526 12
5892 13
6215 10
8662 12
2170 12
841 11
994 13
9104 12
8959 10
4304 13
3599 11
7870 8
423 13
9945 13
6758 12
147 12
4921 6
6586 10
5561 12
4301 12
8202 13
8957 12
5845 12
9176 11
7884 13
6597 12
566 12
9140 6
5247 13
6871 12
766 10
8412 10
4503 11
6018 12
2714 8
5193 12
125 13
3768 13
7844 12
6037 12
3310 9
438 9
9564 13
6960 12
7317 13
9731 10
2123 10
2333 9
7665 9
7802 9
8408 12
8334 10
5795 10
1154 12
4511 8
9514 12
9896 13
697 13
774 12
9417 12
427 12
8575 11
9548 12
6511 12
5964 12
2238 12
9842 12
6808 12
7460 7
5871 12
599 13
2105 12
5565 8
1570 13
9 9
5876 12
8855 12
8491 12
9280 13
7178 12
1869 13
7124 12
8027 12
1877 11
1393 11
4091 9
407 12
7476 12
9887 10
721 13
7451 12
9024 12
6723 12
434 12
7604 11
497 9
4955 10
4773 13
9983 11
4759 13
3060 10
5209 10
1607 11
5349 12
3856 13
8580 11
6994 11
4684 11
8436 13
4120 8
5741 13
7456 12
3612 8
9219 12
6334 11
6050 12
5351 7
9491 13
5257 13
7493 12
8279 12
8543 13
807 11
4672 10
254 12
7549 12
203 13
4899 12
1925 11
6396 9
6158 11
9807 11
809 13
4244 11
583 12
5342 12
1909 10
5569 13
1507 13
1304 12
7050 8
7463 12
3771 11
4371 12
2648 11
4694 12
8616 13
2876 12
6330 11
3061 12
7071 12
3752 11
3105 8
7186 13
3322 11
701 12
7250 10
9753 11
4839 12
8950 12
8641 9
2737 12
2607 9
5358 12
7062 11
9246 13
4637 13
1843 12
1222 11
8401 12
5405 12
9820 12
7836 10
9902 8
8217 10
6697 13
9202 13
5582 11
771 9
177 11
2603 12
6919 12
3712 11
7733 13
294 11
4837 13
7459 13
8259 12
5467 13
61 12
2465 10
4134 13
7617 7
5148 11
7245 8
3329 9
5263 9
242 13
6551 13
9494 11
8681 12
8192 13
6708 9
7231 12
3591 12
7708 13
8448 11
9249 11
435 11
1122 9
3457 12
9744 12
7415 13
4465 12
2952 13
8795 11
5347 12
1115 12
5019 8
4700 13
4119 13
1114 11
7291 11
2373 12
7217 12
4951 12
8190 11
1233 12
538 11
9947 12
3019 12
7894 10
1036 11
4912 12
9027 10
384 13
9207 13
6543 12
5842 12
6211 12
5056 12
7908 13
673 9
319 12
4010 11
9396 11
4614 12
1833 12
3605 12
849 9
4847 10
5172 11
7160 12
5133 11
907 9
6488 10
9000 11
6003 12
5657 12
2841 9
5265 11
6277 12
400 12
5534 12
6088 10
127 12
5128 11
6367 7
2274 9
9098 11
6940 11
1959 11
7512 12
9012 13
9136 12
1190 8
7584 11
8898 11
5597 11
5010 12
6589 12
9056 13
3323 12
7254 13
7720 12
2485 10
9609 6
4036 13
5058 8
200 12
4414 7
3170 11
8427 9
42 12
5016 11
3548 13
9126 12
9122 11
731 13
7838 11
7159 11
5941 10
9940 13
5681 12
8039 12
1086 12
5701 12
2685 9
4406 11
7540 12
9839 10
3851 13
2254 13
6650 12
4809 12
8018 11
4851 13
3283 11
2479 13
3399 12
878 8
2469 13
5084 11
9317 11
6355 12
1754 11
9705 12
5339 12
784 12
982 11
1371 10
6411 12
9475 12
2239 13
9556 12
5503 12
6325 11
4398 13
2853 11
605 8
5855 12
7094 10
6320 11
8417 8
5217 12
1421 12
1708 9
6935 11
9939 12
1246 12
3666 10
3152 12
381 12
6768 11
5673 9
7357 10
3974 9
3223 12
7684 13
1033 13
8986 11
1799 12
8049 12
8787 12
259 12
2293 13
9650 11
7976 13
9572 11
4128 12
7779 11
2157 9
4768 12
5672 13
8734 13
6121 13
5071 12
3112 11
1693 10
5938 12
5651 11
4936 12
9312 11
201 11
2201 10
3120 10
8375 11
9416 11
6192 11
1766 9
2727 12
6870 10
6705 11
6507 13
6974 11
5250 11
1571 9
5009 9
6073 8
8402 10
9028 12
4455 11
5915 12
6785 13
8729 13
3590 11
6524 12
2955 11
2495 10
3031 10
1593 11
6896 11
2600 12
5734 11
5473 12
4341 12
2354 11
1269 8
822 11
1029 10
3520 12
6606 12
4877 10
7066 12
3103 12
4618 9
2803 12
9431 12
8790 12
7586 13
960 13
6375 13
9472 8
456 12
9117 11
9974 12
3481 12
6832 11
6837 11
4772 12
2176 13
1281 11
5413 13
6997 12
5515 13
6243 12
6878 12
151 10
361 12
7337 13
1077 13
7336 12
2924 10
216 11
8772 12
1531 13
3277 12
8994 12
7346 12
3966 11
1064 12
647 12
9833 13
6115 12
8528 13
1175 10
6456 11
1753 12
8285 10
1649 9
4760 10
7426 12
2418 11
2035 10
1518 10
3842 10
7770 11
2550 11
6077 13
3810 11
992 11
6923 9
585 7
7295 12
4990 9
2342 13
5325 13
9438 10
6554 11
1129 11
9507 12
5963 11
1714 12
5233 13
8358 13
7680 10
911 13
5934 11
4927 11
8672 12
2044 13
8663 11
8564 12
9704 11
2744 12
7516 11
5484 11
9476 13
1228 12
2118 9
2214 12
5198 12
610 10
4623 10
2124 12
5005 12
3980 12
8149 10
8331 11
413 13
2285 12
5829 9
9644 12
5087 9
4845 11
257 13
2968 5
4440 11
5874 12
4513 11
9938 11
2874 13
7835 13
825 12
4550 8
3484 13
2343 5
2059 13
7638 11
685 11
8824 12
8146 11
3085 7
6184 13
510 12
678 10
114 11
6401 10
3661 9
8673 11
4076 10
8169 12
3685 10
582 11
5389 13
2211 10
6131 13
2024 12
7352 9
5093 12
5125 13
1449 10
7913 13
2218 11
2323 8
8209 11
7270 12
1871 12
798 12
6134 11
6899 10
2468 12
1466 11
7388 11
8671 6
1870 10
5514 12
7102 12
9700 12
8286 12
3414 11
6749 11
5543 11
9001 12
5733 12
6672 12
1461 11
897 13
7285 12
5617 11
8997 13
6013 12
3801 12
511 10
6476 11
1854 13
4668 12
6438 12
6081 12
7725 12
330 13
2769 12
8818 9
3653 11
2732 12
4336 12
6916 11
2986 13
1583 11
1842 11
1897 12
1223 12
3808 8
5076 12
9080 13
84 11
8486 12
8155 12
5703 6
4228 12
1633 12
9469 11
4630 11
5111 13
8266 10
4160 12
5214 8
4209 12
4862 8
3963 13
8513 12
6317 13
1647 12
1095 11
7389 12
1976 13
3896 9
4164 10
1447 11
2824 12
6944 12
5786 12
3944 13
5285 12
7403 11
4525 13
9287 12
9035 12
1062 13
7909 8
4003 8
9927 12
1315 11
191 12
11 11
2416 10
7678 12
5564 13
1214 13
1829 13
8658 11
5822 11
1559 11
2012 12
2057 11
6435 9
9458 12
9714 11
525 13
1712 13
5821 12
6694 12
5396 11
4695 13
7496 12
8979 10
6024 9
909 11
133 11
1312 13
2016 10
1014 13
2516 11
9195 11
5146 9
1634 13
27 12
558 12
8651 8
1614 13
1116 13
1158 11
3162 12
2127 13
7417 12
7741 12
2208 11
6712 13
7911 11
93 12
8872 12
4009 12
9721 13
7419 12
7213 11
8675 10
6939 12
6958 12
1549 11
8998 10
2224 12
153 11
3933 12
8054 13
9178 13
1762 12
9587 12
5956 8
2820 13
3381 12
8784 10
9815 12
2950 11
7255 9
3119 13
3049 12
5028 13
2894 10
6571 9
1133 12
9059 11
5810 9
7857 11
1119 11
9793 12
9692 10
2799 11
4085 13
1414 13
9153 13
4490 12
3328 13
882 13
5748 11
4105 10
1046 11
7032 12
7175 12
4656 13
1737 8
6235 10
8906 5
6195 10
7583 12
2402 12
3014 12
6529 11
8398 7
3674 12
9031 13
1908 13
5945 13
3649 12
3693 12
987 11
5645 12
4950 9
6792 12
2531 11
5679 12
936 13
925 12
1195 10
7 12
6387 12
6282 12
5549 12
196 12
9734 12
9171 11
7485 10
8186 12
5331 8
5508 12
9099 12
8598 12
518 11
5425 12
680 11
1627 11
8559 12
9781 12
251 12
888 9
4015 11
2270 12
5843 13
9541 12
6553 12
8422 10
7355 12
6245 10
3465 13
6811 12
5213 13
303 12
1562 4
3867 7
7302 12
7755 11
1267 12
8296 12
5283 12
1472 12
9554 13
906 13
8696 12
875 11
7795 12
9769 12
1037 12
3609 11
5007 12
6145 13
282 9
1198 12
8638 11
6807 11
3331 11
9271 10
9302 11
6636 12
777 12
8323 12
1120 12
4832 13
889 12
6093 5
222 12
8220 12
9698 12
815 10
579 13
5205 12
7514 10
4098 11
5080 11
4295 13
193 12
8072 11
156 5
5086 13
6347 8
8479 12
2863 12
6521 12
860 12
8879 12
879 12
1803 12
7793 12
1979 11
1189 13
5119 11
9245 12
253 8
8889 12
3577 13
7114 12
2166 13
212 12
3470 13
9591 11
1263 13
2230 10
4023 7
3633 12
8837 9
2417 12
2087 12
4308 12
6590 13
6789 12
4364 13
7289 10
1239 13
402 12
6212 11
3298 12
740 12
5547 12
207 12
4704 12
9239 11
9072 12
9389 10
1932 13
1289 7
6610 9
5447 13
6953 6
8668 11
2232 11
6560 12
6713 10
1974 11
5501 13
5407 12
9518 11
1991 13
5434 12
7128 8
2708 13
1537 10
4689 11
3199 12
1727 9
466 12
8963 13
9897 10
659 10
2446 12
8139 10
2919 9
4099 12
5483 12
3554 7
4881 13
9409 10
2688 12
1631 12
9758 11
8306 12
2633 11
5615 9
4625 11
162 11
3226 13
8137 12
3952 12
7099 9
9205 11
3088 12
6924 12
9673 10
3480 10
6920 11
8897 12
6583 11
4436 12
2460 7
1969 11
5100 12
6927 13
3077 11
5162 11
8572 13
2987 8
1426 12
9969 12
6352 10
4547 11
8211 13
7206 8
432 12
2503 12
5737 10
7969 12
88 12
8645 13
7750 11
8760 12
6567 12
241 12
8657 12
9946 10
9487 10
4628 8
758 11
449 12
3968 13
2311 12
7436 12
1193 12
9347 11
804 13
1128 12
4910 13
9881 12
436 12
1763 11
6730 12
6826 12
4556 12
8330 12
3906 5
7642 12
501 13
2928 13
8936 12
6797 12
5317 12
7531 11
3894 12
8010 12
9449 12
4740 10
1402 12
9418 10
4479 11
5244 12
4542 11
5999 13
8602 9
9717 9
8509 13
8901 10
7176 13
208 13
6015 6
4605 12
827 12
6751 13
910 12
4183 10
5782 12
3837 9
9558 12
520 13
2844 12
2476 12
9216 12
8464 12
5156 5
496 13
2686 12
7691 12
2023 11
2829 12
690 11
8840 12
6169 12
8894 12
3747 11
5488 12
529 12
563 12
8835 12
805 10
9496 10
1573 11
442 13
2271 11
9843 13
8615 12
5787 11
4989 13
4568 12
1704 12
9944 12
4797 12
2988 12
4923 11
2755 11
6363 12
4400 12
8967 12
6641 12
6008 12
7625 13
5746 10
2576 12
9343 12
9786 12
5266 12
3307 11
4075 13
5688 10
7559 12
9997 12
4638 9
3276 10
6253 12
3097 11
5345 13
2452 11
226 11
6673 13
1611 12
2346 12
198 12
1710 11
1958 12
5406 11
8678 12
8873 11
5 12
848 13
947 12
6963 12
2631 10
8421 13
2885 10
8160 12
9912 9
984 13
5797 11
6937 13
390 6
2652 12
3464 12
7489 13
4422 13
745 12
9362 11
6460 12
1879 10
3362 12
4965 10
9547 11
1149 12
6074 12
8328 13
4275 13
6076 12
170 10
1887 12
2778 12
8032 12
4786 11
9223 12
1808 12
2957 13
7954 12
6928 10
4219 12
8877 12
725 12
9128 12
7140 11
9382 12
649 10
554 13
225 12
4181 11
4318 12
2517 12
3552 12
493 12
3720 9
4833 9
8469 12
4205 11
9577 12
5555 9
4186 12
7297 12
5367 11
47 13
8763 13
6366 13
1500 11
4967 11
3360 12
762 12
8316 12
2552 13
6204 13
6618 12
9598 13
4178 13
9119 13
4516 10
3707 11
8055 9
1779 12
5255 11
6499 12
6269 8
204 9
6316 12
5489 11
9114 13
8534 8
3087 11
8621 13
4804 7
6437 11
2934 12
4014 12
6542 8
3251 9
9163 13
1820 10
4947 11
6494 12
6734 11
8170 11
2738 10
3439 11
9970 13
2264 13
8993 9
2911 11
1628 12
3597 10
3177 13
6230 8
2565 11
1919 12
1751 13
9460 12
9662 13
5343 11
2494 13
3926 12
1444 13
6241 12
2441 12
7000 13
3156 11
6821 12
5947 12
9719 11
4754 13
1567 12
6879 10
7198 11
3410 12
6754 11
9366 12
3315 10
4261 10
3395 11
2198 11
7494 13
3648 11
2138 9
5294 11
3882 12
7995 12
9775 9
942 12
8389 12
3084 13
9468 12
168 12
5275 11
2113 10
2445 10
4494 11
2909 8
760 13
120 12
8488 12
4397 12
3405 12
7360 12
8971 11
4747 11
7924 10
7648 11
5346 10
6044 9
8207 10
1971 13
3727 11
3731 12
5270 11
9989 12
7208 11
1696 12
83 12
2461 12
4216 12
5391 12
1446 12
8200 11
4972 11
9013 9
8503 12
8500 10
808 12
5327 12
8454 12
375 10
9166 11
2654 12
4143 12
7396 10
4137 11
3781 11
4493 12
9377 11
4904 12
7490 9
9100 13
6483 13
9125 10
2162 10
4495 12
3910 10
3932 11
5603 12
8199 12
9965 13
352 12
7096 11
2995 12
1125 12
2225 13
706 12
691 12
5852 12
6310 11
7015 13
4606 11
6959 11
5926 13
5671 12
234 6
6696 12
6998 11
1123 12
741 13
2898 13
6817 11
9357 11
9531 5
954 12
7622 12
8970 12
4959 13
7519 8
1314 12
5332 12
7886 12
9949 12
2524 10
5571 12
2345 11
2249 13
1651 11
3300 8
8336 11
3140 12
5655 12
2864 13
7715 12
8014 12
7571 12
9869 12
573 12
1073 8
4738 12
9025 11
67 13
7912 12
4893 11
3595 11
2359 11
7739 12
2386 10
3905 13
8254 12
9277 12
4545 10
8253 11
7895 12
603 12
4225 12
341 9
4246 13
7788 12
4890 13
7621 10
8174 12
6102 9
8802 13
828 13
636 11
9868 10
6142 12
8342 12
4722 12
326 10
9649 12
8367 13
9177 12
5769 12
3402 10
6623 12
1217 11
6064 12
921 13
7085 12
9604 10
9794 13
9943 11
6910 12
8934 13
7199 12
523 11
7972 10
6902 12
5022 12
6897 12
1376 9
7690 10
9751 10
408 13
968 11
3891 10
2959 12
6125 12
8183 8
3341 11
3067 11
1999 12
5115 12
4051 13
8249 12
7923 13
4629 12
9960 13
1297 13
5624 13
8441 10
4154 10
8779 9
2947 13
2568 9
2721 11
694 12
7959 12
7190 12
7695 7
4782 12
3850 12
9663 10
40 12
3873 11
9282 12
6536 13
5923 12
1811 12
5439 12
8391 12
2219 12
668 10
7877 11
2718 13
6028 13
9908 12
2398 11
4354 13
7810 12
8999 12
4692 12
6627 11
1604 12
9403 13
2158 12
7723 13
64 12
2678 12
5041 11
5476 13
1715 11
9088 11
8701 12
9066 10
8293 12
818 12
6372 12
7077 12
7675 8
684 12
228 13
2949 12
7399 12
5869 12
9326 12
3281 5
6925 11
9546 12
4223 12
7834 12
7517 12
169 13
414 10
2454 13
1370 12
9179 7
9123 12
4867 10
6577 12
8373 10
7619 11
7505 12
4730 10
7452 11
2993 12
6360 12
2055 10
7413 11
8850 12
1557 10
964 12
2112 12
7047 11
8193 9
5211 11
9951 9
9086 10
521 10
31 11
3887 12
9595 12
9380 12
3002 10
3864 11
5905 12
7201 10
480 12
8450 13
7274 9
4895 13
8205 11
3807 13
2088 13
19 8
5730 12
2129 12
8706 12
1848 12
5817 11
4861 13
8705 10
7719 10
8022 12
5296 13
5330 13
3083 12
2028 11
8985 12
9081 8
2585 12
8444 12
2379 11
3725 10
7947 13
9164 10
1840 10
4362 11
3981 11
316 10
350 13
2257 11
5132 12
8214 11
759 12
5038 13
9561 12
3386 12
3429 11
3630 12
5492 10
8354 10
3438 12
4274 12
1515 11
4887 12
4806 11
3397 13
4042 8
8420 12
8510 10
1144 12
2933 10
4538 12
5338 11
5063 10
5542 12
7181 13
931 13
1151 8
4272 12
2167 8
8397 13
4595 12
7253 12
785 10
4247 9
9316 12
8857 9
8919 13
9242 10
66 12
5370 8
3081 12
4084 12
6576 10
9336 12
9701 13
9725 12
1013 12
9159 8
7022 12
3351 11
6470 12
8101 12
4083 11
952 12
2624 12
7138 9
4473 12
9295 13
1965 12
7173 12
1384 12
1482 12
3776 11
7616 13
2095 12
2215 13
431 11
6380 13
3865 12
6707 13
8798 9
7123 10
1203 12
7316 12
3218 12
8677 11
8631 13
3099 13
5875 11
3797 13
4776 11
161 12
8519 10
7491 12
1642 11
844 10
474 11
2832 12
923 12
4879 11
8050 10
5767 12
1855 8
9043 12
6743 12
4382 12
1192 11
4509 12
9248 12
2659 12
1383 11
632 12
2877 11
7706 11
8860 12
4306 12
801 12
9402 12
8152 12
4113 12
6101 13
3992 13
9498 11
3663 11
5834 10
4896 10
3132 12
5702 13
4662 10
6163 11
8849 11
1237 11
8378 8
2352 9
6735 12
4591 11
8033 11
6801 12
9511 8
8848 12
4000 11
2662 11
9695 12
1138 11
6862 11
7526 11
5379 13
280 12
8574 12
8832 10
6168 11
9971 9
4827 13
4264 12
8299 13
783 11
3977 12
9057 10
6283 13
5705 11
3138 13
5268 10
7977 9
175 8
835 12
590 10
5898 7
3237 10
1814 13
5450 11
9426 12
7380 12
5154 12
782 12
4723 11
1553 12
3703 12
3044 12
454 12
9535 10
6845 9
1242 11
9265 13
6972 8
6840 10
9481 13
8056 12
4984 13
7640 13
7290 12
2669 13
4791 11
7263 12
5967 12
6309 12
3219 11
9148 13
6718 5
5814 13
2879 13
3043 11
9225 12
9261 10
528 11
4443 9
9862 13
2278 13
9905 12
7920 12
6302 13
1399 12
4049 11
4447 13
7971 12
8808 8
2109 6
7983 12
4813 9
751 9
7179 11
5735 12
1728 12
3382 13
5139 12
3580 11
8135 12
959 12
7544 12
197 11
6887 12
5398 13
7854 12
9501 9
1747 9
8009 11
4855 12
4446 12
2963 10
255 11
1351 13
1904 9
1453 13
6137 12
9920 12
8838 12
3069 13
5451 12
4748 12
6715 11
7055 10
2247 11
8730 8
4543 12
7661 12
7588 12
7481 12
9369 13
5815 10
9957 12
8024 12
2547 13
1793 11
5719 11
3491 12
5557 11
6138 11
8523 13
7605 12
8311 12
3020 13
9473 12
318 11
7849 12
901 12
272 13
2020 13
2752 13
1146 10
6000 10
4445 11
504 11
5721 13
791 12
7809 11
2753 8
5095 12
1819 13
5929 11
9672 13
8243 12
6267 12
343 11
6381 10
9372 11
6313 10
404 10
796 12
92 10
415 12
3903 11
9930 13
6098 12
2022 12
4649 12
1569 12
7342 13
899 12
3209 11
4783 13
9204 12
9091 9
5523 11
2467 11
4908 11
6562 4
5801 12
105 12
6836 12
755 13
1113 12
7318 10
3885 13
7235 9
9483 12
5050 11
3967 12
1160 13
1632 11
6608 12
6563 12
7807 10
7021 9
2341 12
5138 11
9368 12
9107 11
4666 13
4988 12
4090 13
2422 12
8852 10
6585 13
8545 12
3015 13
3344 10
5373 12
7122 13
1213 12
65 11
8230 12
7324 12
9636 12
3168 10
1948 10
5427 12
199 10
8280 13
6783 11
1435 9
5683 8
7673 12
6004 13
5147 12
8976 11
1287 12
3374 12
8609 11
7453 12
1309 12
4317 11
1240 9
1903 13
3936 12
2836 10
9913 12
971 10
4323 12
8495 8
7848 11
8327 12
3961 11
2551 12
9981 8
2812 4
5142 12
9875 11
1707 13
3594 12
5196 12
2929 7
3026 8
1373 11
8017 12
7794 11
1765 13
5626 12
8346 11
9113 12
3413 12
7953 10
3828 6
6706 12
4975 10
1303 10
6202 11
9690 11
4062 4
9730 12
2008 11
6731 13
8505 9
2453 12
5596 12
2641 10
9490 12
3993 9
2726 11
4982 11
7641 10
4056 13
7850 13
1797 12
8907 12
1364 11
2184 11
72 13
3017 12
5583 12
3659 12
5251 12
5623 12
6157 12
2891 12
3449 12
600 10
3091 12
586 12
8569 12
5046 12
6638 12
8708 12
1051 11
7237 11
4332 11
4033 12
2001 9
7730 12
2319 12
7521 11
5860 12
8238 12
5805 10
8820 11
6497 13
1554 11
3657 12
8333 13
8086 12
355 10
1211 12
1983 12
2451 12
1296 12
1544 11
3922 11
6292 12
8472 12
4175 12
3356 11
2074 10
7228 11
9162 12
3364 12
3288 12
1394 12
2944 12
4026 12
7202 12
9674 12
9771 12
861 11
4991 12
6914 7
1299 12
8406 13
2470 9
2541 11
385 10
8416 13
4426 12
1605 10
1442 11
6288 13
184 13
249 12
9883 7
6170 13
2646 9
5988 12
6500 11
2114 12
6264 10
5605 8
6595 13
6695 11
4976 12
9596 11
6091 12
8357 12
3157 12
9355 8
8051 12
7820 13
1380 13
3984 6
4838 10
6903 13
7137 13
3498 12
8318 12
9631 12
4172 12
3047 12
9976 10
5587 11
3075 9
6092 13
6315 11
1861 12
6059 12
7681 12
2630 13
5957 12
8769 8
8347 12
7985 12
7560 11
10 12
2999 11
9240 12
4883 12
4204 12
7537 12
7394 12
4331 12
2054 13
1022 12
8189 12
970 13
9331 12
2563 10
3877 12
6005 9
898 7
4819 12
2134 12
3689 13
6987 10
7997 9
8529 10
7576 12
4125 10
1451 11
8350 12
9124 13
5457 13
8276 10
8216 13
3557 12
3427 9
2160 12
4917 12
6492 13
1043 13
7020 13
730 12
9010 11
1608 12
4283 11
3824 12
9108 12
2734 6
8814 12
397 12
3588 10
9465 12
5994 13
688 10
7637 12
9800 10
4153 13
2144 12
584 13
1768 11
2728 13
2985 12
956 8
2892 11
6442 11
3006 13
8727 11
3 12
8231 13
2487 11
667 12
5232 12
2152 10
2872 11
3358 13
3146 11
2880 9
5030 12
2456 12
5458 9
8983 13
6449 10
8978 13
7598 12
8458 11
4453 6
4346 12
8098 12
6803 12
2833 11
3245 12
4109 13
9937 12
5646 11
4651 12
4224 11
5653 13
5307 10
3939 13
1157 12
2079 9
7322 13
8599 11
4945 10
3111 12
3210 12
9694 11
334 12
6692 13
9201 12
8844 11
4683 12
4901 8
3509 13
3908 11
332 12
9251 13
8142 12
2121 12
515 13
1065 11
96 13
1085 11
2889 13
2797 10
8554 7
5377 11
1550 12
587 11
5383 12
8550 12
6965 12
38 13
7871 12
6374 12
7455 10
4878 12
6071 12
1256 11
8937 11
2817 12
6799 12
8309 13
5882 13
1375 13
3713 12
8348 13
9320 10
5414 10
3754 10
3652 12
5012 12
9879 12
6938 10
312 4
6009 13
4603 13
9339 13
5983 12
1409 12
5525 13
6773 11
2762 13
1654 10
74 12
9185 11
3379 12
7555 11
7842 12
8290 9
5803 12
7819 12
3708 12
9630 11
97 8
4110 9
4368 12
7778 12
4338 12
53 10
4019 12
5825 12
14 10
5891 12
214 8
3844 11
6440 10
2720 12
6403 11
9109 13
5680 11
2989 11
5960 13
9464 11
6238 12
8989 12
4756 12
3466 9
3477 12
6461 11
8817 13
4305 9
4184 12
2226 7
5762 12
8130 12
4875 12
2810 12
3051 12
8586 12
6666 11
6682 12
2595 12
2486 12
6248 12
6031 11
4962 11
6114 11
3583 9
9055 12
3009 11
2175 12
9953 11
6770 13
6681 11
4785 12
1639 13
4661 13
3486 12
4161 11
6066 12
6262 12
6405 13
8113 12
5090 12
359 13
3222 8
6630 9
6860 10
2530 12
1284 10
3614 11
3709 13
1891 11
2501 12
8929 13
9691 12
4239 11
324 12
1018 12
2913 13
2458 12
7713 13
6444 13
2887 11
451 12
7158 12
6556 13
7373 12
2339 12
7585 12
7939 12
1153 11
8288 12
4731 12
36 11
5968 11
4788 13
621 12
1265 12
4820 11
2615 12
7116 12
6398 11
3062 11
6306 12
3316 12
9480 12
3875 13
1834 13
237 12
1652 12
5736 13
3337 12
4938 12
6850 10
173 12
5763 11
2155 12
8591 12
5554 13
1316 12
9956 10
9413 13
2265 6
6933 8
3327 12
8987 12
1832 11
9866 12
2772 13
3546 11
622 11
6975 12
1323 10
8043 11
9617 13
6729 11
3616 13
4775 12
2332 13
4267 12
2906 11
2897 12
4787 12
9135 10
2782 9
3792 12
5226 11
4237 8
4961 12
2846 10
6883 13
2904 10
6084 12
3263 11
4533 11
3840 12
5755 13
6425 8
3855 12
8719 13
4826 12
8284 12
6251 12
5949 12
5008 13
4222 10
7475 10
1103 12
6218 12
1598 11
7887 11
8695 10
7292 12
7827 12
1387 12
1807 11
4860 12
7091 11
4375 3
8499 13
4617 13
3016 9
6231 12
6989 11
3695 10
8120 10
4944 13
9020 11
8964 8
9626 12
9653 10
9680 11
9054 11
6639 13
7718 13
2146 12
2745 11
8320 7
816 12
4142 11
3444 12
2351 13
8356 11
7629 12
7246 12
2751 12
1960 12
5974 12
1084 12
118 12
9936 10
3148 13
6447 11
6702 13
7869 13
595 9
2756 12
8982 12
5609 13
3348 13
1028 13
2484 13
448 8
4268 11
2427 11
1495 11
8875 13
6882 12
620 10
2712 12
7016 10
7447 11
1648 13
1994 11
6055 12
3114 13
9685 11
373 12
9062 4
4565 10
5340 13
5504 11
1208 12
8666 10
3660 13
9654 12
5844 10
8195 11
5382 11
8067 11
2389 12
9911 13
6078 10
6557 10
4952 11
7504 10
5888 9
3592 13
6122 9
7233 12
1388 11
9715 12
2548 9
8945 7
5893 10
3269 12
6293 10
4570 7
7457 11
6345 12
1641 12
6508 10
7067 11
1666 11
6228 12
206 11
5114 11
5215 12
6210 7
4123 12
4055 12
5170 10
5837 12
1072 13
3211 13
9637 13
4745 8
1396 9
9440 11
3432 10
8854 11
8789 7
7943 10
3297 11
2310 11
8466 9
2918 13
6660 12
4315 8
8322 11
9034 11
6103 12
3803 10
5625 3
7226 7
5238 10
2370 12
4526 10
4686 13
7547 13
5048 9
6930 11
8954 9
8611 13
8181 12
9602 12
3174 12
3118 12
232 12
6069 12
5280 12
1162 12
6544 11
2119 12
1425 8
8646 10
7078 13
5199 10
9454 12
5706 12
6216 12
3565 11
2709 10
905 12
8140 12
5274 12
5404 10
8871 10
916 13
9192 13
7038 12
1428 12
6395 13
7391 9
8626 13
3299 13
8655 13
5652 12
5799 13
8951 11
8923 12
5904 11
3861 13
1485 12
1730 12
2240 10
8647 12
5884 12
4126 12
5854 10
5014 10
5001 12
8544 9
4815 11
5435 11
5328 11
7090 12
1102 9
5633 13
981 12
4265 13
471 12
5713 12
4848 12
2164 11
1169 12
3207 10
8908 11
2003 11
3236 13
5870 11
5430 12
1791 10
1868 12
4671 13
732 9
9581 11
9622 13
698 10
7267 11
9384 9
172 11
8816 12
4918 11
5035 12
3924 13
6026 11
3448 11
8637 12
3794 12
5861 11
3843 12
7147 13
6214 13
597 11
2399 12
1545 12
3517 11
7424 12
3095 9
5700 11
1916 11
4986 12
6674 10
6539 11
2500 1
4530 13
3082 11
1048 13
3257 12
9632 13
4179 7
8765 12
470 11
250 11
3378 8
2403 11
9819 10
8831 12
6390 13
6082 13
7119 12
5998 12
7150 11
4981 12
6468 13
428 13
8570 11
6424 13
851 11
174 13
2616 13
9661 12
7167 8
9266 9
6793 11
2180 12
9370 10
4250 12
7865 10
7759 12
6332 10
6535 12
2440 8
3889 12
293 12
723 12
9105 10
729 11
4626 12
4973 12
4138 12
3325 12
7523 13
4013 9
705 11
1685 11
8643 11
7907 12
3956 11
9252 10
5606 12
5864 12
3285 10
5849 9
7890 6
4681 13
8465 13
6490 11
4652 10
6700 11
3793 10
8884 12
7662 11
6 11
8150 12
5694 12
6299 12
7214 12
7309 12
2908 13
770 13
4171 11
3024 12
513 11
7707 12
9276 8
7874 13
6847 11
3858 12
1220 9
7041 12
831 11
5824 10
6223 12
9904 11
3376 12
4441 12
4492 7
8006 13
9530 13
1164 12
5916 13
1271 11
8636 10
4386 11
2051 12
8578 10
2861 12
4311 12
8806 12
2915 12
6640 6
2078 13
7808 12
5698 10
6761 10
3948 12
9184 12
2220 13
6721 12
1813 12
7162 10
5885 11
6945 11
3098 12
1249 13
3839 11
6598 11
7319 12
845 12
5256 12
7652 12
6362 10
5980 10
4404 9
5060 11
3830 11
5082 10
7365 12
4980 8
2733 13
2021 9
457 13
157 12
3694 13
6250 2
1511 12
2068 12
4727 12
6780 13
5937 4
4163 13
1199 13
1915 12
8073 12
412 12
2717 12
1690 11
4487 10
5896 12
386 12
9360 10
4383 13
645 12
4777 12
5372 11
2677 11
6631 12
5077 13
6815 8
1251 12
3631 13
9584 10
2371 13
6979 11
8931 12
4925 10
9363 12
2974 11
9351 12
3901 10
2117 13
7242 11
3220 12
9167 12
143 11
5627 11
5141 10
362 11
7006 10
7556 12
9687 13
1600 13
2722 12
4361 12
5246 12
7486 12
9863 8
9142 11
6881 11
6485 12
9349 13
3558 10
426 11
7143 10
6219 13
9137 11
4347 11
8251 9
8805 11
506 13
7822 12
5667 12
9115 10
4699 12
7582 10
8171 12
6328 6
4613 10
7905 12
2420 13
6097 10
6234 13
2510 12
1480 12
6126 13
2394 12
5023 13
7899 9
2804 11
2967 13
3954 9
5432 12
4192 13
6002 11
7533 13
4828 10
5728 12
5856 11
2347 10
9923 12
4733 12
4136 12
3607 10
5445 11
8004 11
874 12
1744 11
7689 13
1259 9
7524 10
5839 8
189 13
4484 11
5291 13
8516 12
3741 12
8198 10
3461 10
6824 13
5159 12
7349 11
676 12
258 10
3068 12
635 12
2131 12
754 12
7568 9
2444 13
9787 11
9655 11
9395 12
5883 10
6068 10
9521 9
3537 12
7801 13
9371 12
4522 12
7081 11
8691 12
3723 12
3214 11
2100 12
4077 12
2805 12
1147 12
7722 12
6493 9
2816 10
2378 12
278 12
5024 10
6175 10
1551 13
5647 12
1936 12
5073 10
7007 12
4885 12
8325 12
57 13
7364 11
9804 13
7087 12
3149 10
8853 12
6280 12
8862 10
6787 12
2884 13
288 12
8865 12
3109 13
8097 11
9131 12
7013 11
8118 12
3783 13
7210 13
2834 12
8697 11
5311 13
9537 11
4856 13
4201 12
1335 12
550 10
824 10
8966 11
6996 10
4844 12
1293 10
5433 10
3532 12
2048 12
5364 13
3866 13
9788 12
7108 13
349 12
7752 13
2116 12
6575 13
2227 12
6869 13
6950 11
6146 10
7216 9
9735 13
3107 11
4585 12
8103 12
1038 13
4257 7
8667 12
2586 13
5320 13
7946 12
6742 10
2063 12
5269 12
9508 11
2671 12
5452 13
6473 13
3972 12
4262 12
7815 12
9406 11
5310 12
9837 12
1555 12
3451 10
144 12
5751 9
4664 11
7441 12
2432 11
7428 12
4746 12
4898 11
3503 12
2106 11
2681 12
3064 13
3357 12
1121 13
336 10
2614 11
4193 10
1353 12
4755 9
7942 13
1687 13
2137 13
443 10
5189 13
7506 11
8925 8
4594 10
7965 11
3260 13
3380 11
3110 10
9264 12
5169 13
8351 11
522 12
6323 10
2326 12
6422 11
8870 12
348 11
6356 13
9050 12
5931 13
5136 8
6144 12
8275 13
3330 12
1023 13
6552 9
5831 11
2525 12
5971 10
4366 12
7806 13
7305 12
4529 12
8228 12
2972 10
1002 11
612 11
6647 12
5276 12
8932 11
2695 7
7639 12
939 11
1001 12
565 8
1692 13
7101 11
1529 11
5241 12
8478 11
4907 12
7012 12
106 13
5773 11
6676 11
8410 12
32 12
4612 12
8521 11
543 11
7466 12
7931 11
6365 12
6200 9
351 7
4350 10
3525 12
8920 10
709 11
4781 11
941 10
3489 13
3065 8
773 11
9165 12
5446 12
5479 11
2556 12
8596 12
9569 13
3441 10
7377 10
761 8
6443 12
8749 13
2693 12
6932 13
