3847 0
6527 1
4173 2
6331 3
9077 2
4915 4
4829 5
8902 3
5195 5
5366 6
3857 3
1490 1
5208 7
1561 2
1508 3
5611 7
2620 3
5640 8
7627 4
2593 4
1340 2
6062 9
4960 6
3418 4
3346 5
2512 5
5179 7
661 3
3960 4
5991 10
2508 6
1168 4
5042 8
5186 8
5152 9
5131 10
6298 10
1726 7
8031 5
2450 8
7711 6
608 4
6432 4
7901 7
6889 5
1894 9
2604 5
6455 5
1955 10
8549 6
3036 6
2847 7
30 5
8104 7
4263 6
8304 8
8439 9
9607 3
8268 9
4558 7
7528 6
2553 6
1359 3
4393 8
7774 8
4097 5
6724 6
3673 5
5779 11
9900 4
3814 6
6186 11
2372 11
100 6
3943 5
399 7
5738 12
7432 7
1368 4
5387 8
5976 12
7300 8
6668 7
9993 5
2457 9
63 7
3870 6
2901 8
8492 10
3821 7
3704 7
7527 8
2754 8
7721 9
6496 6
4048 6
7812 9
6279 12
8399 10
7509 9
6684 8
6818 7
1541 4
473 8
4115 6
1616 8
1523 5
6025 11
1026 5
7227 9
2327 12
9352 4
2464 10
9267 5
7998 8
737 6
416 9
4971 9
411 10
9063 4
8083 8
1499 4
6888 8
223 8
4817 8
3600 6
2305 13
7775 10
3388 6
5397 9
8623 7
4482 9
4343 9
2364 13
8070 9
8096 9
4674 9
9646 5
8078 10
896 7
6107 12
327 9
4363 10
9509 5
5940 13
6628 8
5306 8
5990 13
3048 7
1669 9
3235 8
1349 4
2411 12
3769 8
1524 6
1288 5
7409 9
2149 14
8019 9
5989 14
2297 15
3192 9
5859 14
8731 8
7996 9
5620 9
5526 10
3233 10
3702 8
7220 10
5242 9
8649 9
8856 9
4291 10
4963 10
3699 9
965 8
6012 12
2538 7
9009 5
8742 10
9306 6
4751 10
6726 8
2807 9
4324 11
5907 15
3431 7
3027 9
1110 6
5709 13
5207 8
4352 11
2009 15
7086 11
6584 9
2765 10
9096 6
1431 5
1680 10
2042 16
9722 6
6429 5
6828 9
3243 9
4399 10
9234 7
7792 11
8605 8
5188 9
2515 8
3846 8
3826 9
9515 6
4412 11
2306 14
9187 8
2927 10
5910 16
7183 12
7212 13
8560 9
5103 11
4287 11
6561 10
702 7
340 10
4478 12
865 8
4708 11
8552 10
6520 7
8866 10
7393 10
7777 12
9075 5
9321 7
4060 7
2787 11
1221 6
9750 7
4476 13
3050 10
4864 6
3278 10
2291 16
5200 9
2750 9
3500 8
1285 7
2438 13
9193 9
8786 11
843 9
2011 17
357 11
3367 7
1526 7
1859 10
4710 12
5686 14
5061 12
7423 10
2679 10
4732 13
8613 9
1595 9
9486 6
8494 11
8909 6
7589 7
1735 11
4249 7
2900 9
8088 10
812 10
1772 12
7784 13
2263 17
2618 6
1171 7
6594 10
3872 7
4166 7
2747 11
6574 11
2542 8
6745 9
6220 13
5887 16
3231 11
9106 9
6513 8
5166 10
3242 10
5972 14
7552 8
8381 11
7867 10
8511 12
3868 7
6812 10
927 9
2867 10
2071 17
9710 7
7900 11
1280 8
9933 6
9836 8
5415 11
7570 9
1117 7
4121 8
8776 12
4539 10
1618 10
9092 7
9466 7
6677 9
2414 14
9977 7
4920 7
8502 13
6487 7
3625 7
1317 6
1253 9
477 9
8071 11
277 10
5602 11
178 9
2675 11
9079 8
4784 11
8048 10
7234 10
5775 13
8443 11
9724 8
1467 6
8577 10
4438 14
9074 6
99 8
7872 12
4621 10
1430 6
5118 12
3279 11
1274 10
7440 10
7416 11
4926 8
1496 5
7853 11
6822 10
2 6
1957 16
3726 9
2192 18
2104 18
7240 11
5259 10
7125 13
5064 13
9151 10
6469 8
7785 14
3320 12
4974 10
9855 9
9279 7
9218 10
5092 14
545 10
8887 11
5942 15
3676 10
2813 10
2921 11
7966 10
1456 7
425 10
6029 12
3340 13
3886 8
5020 11
8981 7
3641 8
7930 11
7146 14
1170 8
3045 8
267 11
2210 19
6329 11
3136 11
1374 7
2320 15
7312 11
2206 20
2497 11
5537 12
1057 7
6162 13
8630 10
8145 10
6671 10
7536 9
3238 11
1108 8
8044 11
7952 12
9084 9
9421 8
6428 6
4846 7
9130 11
1725 11
9275 8
2554 7
2197 21
4521 11
1218 8
7106 14
9150 12
7610 8
6616 11
857 10
6637 9
3249 11
7446 11
778 11
3849 4
9297 8
8124 11
2758 11
6143 14
9711 8
2605 7
2108 19
9082 10
7163 15
77 9
4462 15
8759 13
5800 15
6256 14
4039 7
2431 15
6901 12
9424 9
7276 12
5712 14
3669 9
8203 11
4579 11
9488 7
4079 8
1510 6
7964 13
9470 8
8797 12
3185 12
6854 10
1319 7
8289 10
5054 13
3521 9
8531 13
5536 13
8365 12
9221 11
2419 16
372 12
9198 11
5714 15
1294 7
3505 10
5897 17
238 12
2680 12
5126 13
9477 9
9585 7
4903 7
8756 14
9550 8
3935 9
9015 6
4212 8
7306 12
4145 9
6196 14
8411 11
1436 8
4720 14
8485 12
7469 12
9398 9
2882 11
6587 11
1236 10
1060 9
9802 9
5862 17
1377 8
2862 11
9759 10
2367 14
7088 15
3643 10
1729 12
142 10
4321 12
8610 10
9824 10
9236 8
6072 13
2632 12
9684 8
5552 13
3635 9
3564 10
7630 7
4360 12
7982 11
3194 12
9332 8
6167 14
9046 7
7743 10
4100 7
7530 10
2374 13
9766 11
2196 22
333 11
5637 10
7072 13
5486 12
7406 11
8482 13
5421 13
3204 13
9037 8
5726 16
9818 11
5529 14
420 11
4705 12
9859 10
4072 9
4506 12
5783 16
1382 9
2851 12
6967 14
1856 13
1005 9
7095 16
50 8
6982 15
4254 8
3640 10
1061 10
5977 15
9064 7
9545 9
1010 10
9174 11
8830 13
4403 12
674 8
124 11
4916 8
2036 18
5045 14
3608 8
9036 9
6139 15
6348 7
8535 14
8735 11
9068 8
4038 8
7631 8
8606 11
7174 16
5150 11
2588 8
6701 9
7472 13
166 11
2377 14
155 12
5322 9
9334 9
5531 15
6680 10
8514 14
4367 11
3573 11
8355 13
9779 12
763 12
537 11
3836 10
4616 12
366 13
530 12
8589 11
8434 12
580 11
6368 8
7286 13
1773 14
6781 11
6109 16
9865 11
2811 11
3462 9
2701 13
6853 11
1050 8
1560 5
9762 12
8720 10
383 13
8755 15
1262 11
4327 12
4234 9
8423 13
1327 8
8834 14
1322 9
9432 10
4801 12
507 13
1658 11
5228 10
1617 11
4372 12
4653 11
7611 9
5485 14
1438 9
3716 10
9087 10
5676 15
2300 16
7726 11
3130 12
8431 14
8201 12
7821 12
9667 9
3994 9
3128 13
3802 9
5807 16
6408 9
7294 14
4560 12
9517 10
4215 10
2655 13
8102 10
7999 10
4834 8
4541 11
2916 12
5381 9
4750 14
3822 10
4243 10
3196 14
2415 17
1643 12
6884 11
6147 15
4707 13
1459 8
4946 9
6555 11
1143 8
749 13
2665 14
4210 9
998 10
1389 10
1342 5
8483 14
209 10
6717 10
8058 11
1027 9
4377 13
3568 12
6537 12
1954 11
7218 14
112 12
9828 11
37 9
2942 11
2229 20
2587 9
4811 13
3733 10
392 14
5353 10
2729 14
5290 11
9748 9
4431 15
4320 13
20 7
240 13
3001 12
5025 12
3619 9
3806 10
765 13
2855 13
1733 13
494 14
2335 14
7500 14
4047 8
1127 9
8369 13
3023 13
567 12
6838 12
8303 11
4058 8
4702 13
1443 10
2466 12
1424 11
4544 12
5308 10
2177 19
7372 12
6775 12
8842 15
7358 13
6258 15
9457 11
2860 14
1320 10
1543 6
4583 13
3239 12
2296 17
8738 12
2410 15
1476 7
4365 12
6032 13
2713 15
1784 15
5612 10
2760 12
869 9
3938 10
9489 8
2601 6
7917 12
6224 15
3037 9
3624 10
2692 14
7655 9
6858 12
9665 10
1100 11
3812 11
3721 11
9854 10
692 9
1345 6
5460 15
8082 11
5600 14
5665 16
6665 10
9921 7
9386 10
6764 13
284 11
3004 14
3339 14
633 5
5239 11
8781 13
3187 13
3201 15
7501 15
7203 14
5920 17
4812 14
5517 13
3198 16
2992 13
98 10
9773 13
7677 10
837 11
9797 13
4380 14
8584 12
6655 11
8740 13
6991 16
9838 11
6043 14
4634 12
2645 14
3962 10
235 13
7471 14
4155 10
1243 11
4040 9
6669 11
4140 10
4728 15
2914 13
7410 12
8037 12
7607 9
271 12
516 14
3266 12
5744 14
8758 15
502 15
8260 12
2827 11
9350 10
2165 20
5402 12
8107 12
9158 12
5792 17
710 8
2286 18
8833 15
9241 9
9634 6
5933 18
2325 16
8213 13
5889 18
9801 14
8413 14
5981 16
4758 12
353 12
4889 8
1522 7
6741 10
4548 13
699 10
2156 21
7587 10
4203 10
4677 14
662 9
5750 15
6164 15
2528 9
3139 13
1899 12
4236 11
2809 12
2348 15
8264 13
772 14
485 15
4149 11
1334 9
5481 16
5528 15
2802 12
25 8
6988 17
9270 9
5840 17
3123 14
7444 12
775 15
5659 17
4635 13
3835 11
9570 9
7748 11
5424 16
488 16
2706 16
3057 15
3191 14
9182 12
9845 12
1366 5
103 13
325 12
8532 15
4593 14
9963 8
3363 8
1201 9
9337 11
4818 9
7036 17
9676 10
9931 8
2767 12
9058 8
5384 10
2006 17
8372 14
4870 9
1743 13
5395 10
2981 14
8896 12
2973 15
5026 13
2292 18
3313 13
4682 15
4240 12
6648 12
5277 12
6290 13
5072 15
4771 13
7736 12
4458 16
437 11
1225 11
4810 14
1898 13
1668 12
304 13
3820 8
7280 14
85 11
9049 9
4576 13
556 13
8810 14
811 12
8335 14
4131 11
588 12
5740 15
8710 11
8975 8
7443 13
5675 17
5723 17
7538 10
5970 16
3732 11
2828 12
5137 12
3884 9
2073 19
9991 8
5375 10
5771 16
2049 18
7670 11
937 10
5236 12
1944 13
364 14
2703 17
8774 14
287 14
9571 10
1514 8
7418 12
4071 10
1141 10
2784 13
4573 14
4836 9
9291 9
8980 9
3636 11
8556 11
733 9
5065 16
6603 12
9907 8
6353 9
2689 15
8661 12
5846 18
5872 18
949 11
5586 15
6436 6
1548 7
5658 18
2507 12
3302 14
1886 11
8952 9
8796 13
813 12
2596 7
3197 17
9186 13
467 12
5334 11
9206 12
1187 10
5018 12
5812 18
6379 10
8718 12
8221 14
7862 12
2634 15
8052 12
9284 10
6830 13
4068 11
52 9
618 6
5313 11
6596 13
70 10
7956 14
4202 11
7454 13
5516 14
4483 13
3433 10
6984 18
6559 12
4642 14
3841 11
6301 12
3790 10
1021 11
5062 14
3365 9
4532 12
9510 7
8215 15
3688 11
9102 10
2854 14
6132 17
3611 10
4581 14
6058 15
671 10
1105 12
3668 11
7121 15
4344 12
4569 15
2575 10
1858 14
8396 12
6378 11
9042 9
1363 6
4854 8
1433 9
8440 12
3158 14
8057 13
210 11
2397 16
7083 14
1503 5
2295 19
5973 15
4680 16
3902 10
6999 18
7003 19
8361 14
4439 17
9625 7
8592 12
5638 11
6929 15
7498 15
1566 10
1679 11
9812 12
2757 12
9633 8
5791 18
9898 12
3391 7
1594 11
561 14
5936 19
5601 15
3715 11
3160 15
4189 12
2025 19
4715 15
4640 15
6823 11
2555 11
2000 18
3008 15
9286 11
7115 16
4667 12
3951 6
5428 17
6806 12
6172 15
3039 10
6709 11
8942 10
8115 13
2107 20
5591 16
6010 13
3629 10
5390 11
7845 13
4176 13
5630 11
39 10
9180 13
3912 11
5581 16
3928 12
539 12
3767 11
7385 13
4906 8
4307 14
462 13
7606 10
2664 15
4551 14
9083 11
1506 6
2672 15
7465 14
187 11
8587 13
4156 11
6007 14
5661 18
418 12
472 13
5682 16
679 10
4665 13
9447 12
2294 20
1324 10
2983 15
8297 12
9139 13
9910 9
1422 12
5158 11
9752 11
7200 15
7056 18
3917 13
3946 7
5890 19
4540 12
2010 18
1410 13
4461 17
2478 13
262 14
3829 12
6514 9
5262 13
870 10
8191 13
4913 9
6326 13
2287 19
290 15
2126 20
8132 12
9229 12
2434 16
7935 13
9984 9
9861 12
5029 14
1019 12
3832 13
6441 7
3975 11
5184 9
5278 13
23 9
5293 12
6423 10
6433 7
4348 13
8229 15
5288 14
1845 16
3227 14
9742 10
6848 13
2439 14
8360 15
5304 13
8157 14
8366 14
7495 16
2317 16
6272 16
2710 17
6448 8
6116 18
4180 14
2960 16
5411 13
4517 13
1775 16
6274 17
7117 17
1032 10
4979 13
6361 10
2062 19
492 17
4496 14
5836 19
3805 11
3518 11
2217 21
7288 15
1254 12
243 15
5780 17
9436 13
1025 12
738 14
1200 11
1330 10
6509 9
4285 12
6149 16
6504 10
664 11
8921 11
1209 10
1860 12
2329 15
8403 12
9914 10
7367 14
2015 20
893 11
2181 20
1528 8
3728 12
1880 13
9950 9
9006 8
6922 16
484 16
8362 15
8364 16
9774 14
802 13
500 16
1360 7
672 11
2388 17
5720 18
3516 12
6581 12
7704 11
4064 12
9723 9
6027 13
3971 12
7170 17
8851 16
920 10
9757 12
8156 15
4082 9
8282 11
8430 15
7703 12
7092 17
1734 14
2502 13
1045 11
8943 11
5512 15
4969 11
9394 11
1876 14
6769 14
8650 13
7422 13
6106 14
8504 14
6857 13
7334 14
2649 15
4470 16
5472 17
1344 7
9155 13
9882 13
8437 13
6943 16
9051 10
6070 14
903 11
945 12
9709 9
9348 12
9877 14
1922 14
1520 9
4293 15
3700 10
1165 9
638 6
9542 11
2592 9
7331 15
4395 11
7017 20
7009 21
8628 11
1640 13
3745 12
8737 13
1406 14
2831 13
3654 12
1261 13
1042 12
5906 18
6307 14
4300 16
8445 14
3811 12
6042 15
1645 13
8709 13
3404 8
3789 11
9003 9
9814 13
2318 17
6463 9
5674 18
6117 19
9741 11
9894 14
1892 12
8874 12
9244 10
1106 13
2845 14
4690 16
3203 16
6357 11
291 16
6800 13
4092 10
9138 14
5249 11
4044 10
3947 8
3460 11
51 10
491 18
4865 10
8944 12
2221 22
2139 21
2393 18
4329 13
7344 15
6185 16
9760 13
8123 14
3145 15
5538 14
2866 12
2207 21
7860 13
4639 16
4313 15
4599 15
7961 15
6416 11
9462 12
6685 10
8714 13
2368 15
2800 13
6855 14
5099 15
533 13
8490 13
192 12
1276 11
9408 10
3535 11
2651 16
1882 14
2433 17
2690 16
4670 13
9033 10
3672 10
1434 10
9039 10
1673 12
7950 14
7330 16
4046 11
7941 15
7979 12
6036 16
2763 13
6794 14
5102 16
5194 10
7157 16
5621 12
999 11
3834 14
6118 20
9605 8
1096 12
736 10
8343 15
7089 18
7488 17
1997 19
3354 9
8965 10
1900 15
7284 15
531 14
3408 9
3604 9
9233 13
5952 17
6385 11
9729 12
6968 16
6977 17
5745 16
4112 8
8803 15
3991 12
2032 20
604 13
6753 14
5559 17
1328 11
6725 9
5034 15
1941 15
6839 14
1684 12
4434 16
3155 16
4794 13
8601 13
152 13
2363 16
1939 16
2256 21
3000 14
4144 11
2835 15
4852 9
7618 10
2886 12
69 11
5448 18
1657 14
1386 11
9840 13
123 13
136 12
3671 11
444 14
4188 15
1822 17
7937 16
2151 22
8583 13
5649 19
1940 17
3216 15
6615 13
405 11
3022 16
2391 19
940 13
8222 16
1305 8
8239 16
9029 11
9928 9
6814 11
3479 10
3543 12
7813 13
5881 19
8099 11
5475 18
5315 12
3881 10
3985 13
5654 20
9353 11
5420 14
724 10
2790 14
9543 12
5192 11
3711 12
614 7
6391 12
8517 15
134 13
292 17
4061 13
2818 12
2610 8
5793 18
181 12
6344 8
4504 15
767 15
9659 11
1295 9
8084 11
9060 9
8261 14
7395 12
5091 16
6625 12
2594 8
7572 11
1738 14
8890 13
9986 10
4266 13
6664 12
7177 17
3244 12
9603 9
1219 9
1381 10
6085 15
1401 15
1624 14
3965 13
3788 12
3100 16
2561 12
933 11
2848 13
8387 13
3854 5
7590 11
7783 14
4255 9
8895 14
8639 11
8762 15
1872 15
7686 13
623 7
9799 15
7816 14
6203 15
2279 19
7705 12
4118 9
2742 15
7252 13
1662 13
1533 9
2930 12
951 12
9624 8
1104 13
769 16
2040 19
6864 13
2962 17
108 14
8654 14
9733 13
9559 10
6100 16
2273 20
4427 16
1471 8
5642 20
536 14
6051 16
2086 20
1182 11
1333 11
7029 21
5354 11
6931 17
1530 10
3224 16
7035 22
9754 13
2625 13
1917 16
1575 12
7839 14
2135 22
3385 8
5833 20
2375 15
3434 12
1063 13
6825 12
926 11
7421 14
973 11
4807 15
6482 9
8204 14
2392 20
4869 11
957 13
1787 18
3129 14
2014 21
6890 13
2850 14
1 7
4795 14
2748 12
7224 11
2052 20
646 7
7151 17
8030 10
8922 12
4238 13
8867 13
1017 13
1279 12
8977 10
4035 10
4996 14
5509 16
5761 17
8948 13
7269 14
3780 13
3292 15
4905 9
4742 15
6909 17
853 11
700 11
8242 17
7323 17
9987 11
132 14
6949 17
653 8
4842 10
9238 10
7683 14
6877 14
3309 15
4897 9
4762 14
5806 17
3949 9
6605 14
1907 17
4230 11
3551 13
182 13
8076 12
6338 9
9358 12
8345 16
9499 9
8497 14
4292 16
3025 14
8557 12
2823 13
1188 12
6934 18
4185 16
7335 16
6397 13
1788 19
2533 10
5696 15
8880 13
4218 12
3779 14
9272 10
1167 10
2761 14
1691 13
7694 14
9290 12
980 12
3396 9
7837 15
2228 23
4892 10
2362 17
2253 22
8459 15
9217 13
750 14
9718 9
1984 20
5279 15
9065 9
950 13
5165 12
8770 16
3536 13
4281 14
8634 12
1767 14
8265 14
9892 15
46 11
1603 10
3753 13
8858 11
562 15
6060 16
2577 11
2945 17
5743 16
6472 10
248 16
7543 11
2730 16
8106 13
9720 10
2883 13
4020 11
465 14
3407 10
218 12
6198 16
7412 13
3890 11
1056 9
717 11
2053 21
2316 17
8725 11
9121 12
7724 12
4409 13
1088 14
1967 21
9952 10
7563 10
6654 13
4604 16
8600 14
1229 12
4930 10
4953 10
601 14
1750 15
1700 14
4536 13
1180 12
8702 14
4500 16
5650 21
1070 15
978 13
6439 8
2480 14
9032 12
5183 10
9948 10
4824 10
2700 15
8300 13
5051 15
7243 14
3335 15
955 14
9183 14
8868 14
2093 21
7211 15
1197 13
7628 8
2582 12
5449 19
535 15
7080 15
625 8
6094 17
4449 18
2266 21
3208 16
8782 14
4227 13
9652 12
5641 21
9228 13
6239 16
2492 15
6041 17
7354 16
6406 14
2120 21
1914 18
4871 10
4150 12
2825 14
3492 11
6600 14
4256 10
2102 22
4659 14
2204 22
7042 19
9044 10
1350 5
1378 11
5187 10
6359 12
6045 17
4122 12
817 13
7740 13
8891 15
3383 9
7321 18
8125 13
789 14
2187 21
464 15
6632 10
5796 19
8512 15
6265 17
8394 14
9019 12
575 13
517 15
1407 15
8100 12
8991 10
3086 17
8594 15
6006 15
3125 15
5664 19
6188 15
5442 19
9390 12
8393 15
7258 15
6229 17
7397 13
8905 7
7660 12
3124 16
8446 16
806 14
150 14
3472 11
2580 13
8582 14
5106 13
7963 16
900 12
6232 18
8912 12
5039 16
4280 15
5711 15
4498 17
5282 16
297 18
2653 17
9870 15
3295 16
41 12
7192 16
7260 16
1828 18
4909 10
6906 18
6124 21
4880 11
9922 10
2731 17
180 13
3559 14
3250 13
1081 16
8555 12
5576 18
8627 12
1247 12
9154 14
9638 7
9702 10
9168 13
8524 16
5930 19
4563 16
6714 12
6986 19
9374 13
2873 12
154 14
2076 21
7314 19
4435 17
2780 14
924 12
8404 13
8392 16
6364 11
6611 15
4743 16
7345 17
5068 17
5505 17
6322 15
9307 8
7197 17
3628 11
5752 18
4841 11
1783 17
7398 14
9778 15
7649 10
7256 16
4031 12
4983 15
5595 17
1109 9
5912 18
704 9
792 15
354 13
6194 16
3658 13
7738 14
3169 16
8283 12
6174 17
1134 11
4302 17
6453 9
5470 18
1513 9
9399 11
9895 15
7024 22
8917 13
6759 15
846 12
5178 11
2193 23
2412 15
6856 15
9143 14
2725 16
7535 11
8218 16
1705 15
6973 18
2589 10
6346 9
9023 13
6908 19
5879 20
5078 17
5634 12
4028 13
8799 16
7275 15
3054 16
9737 14
9829 12
8924 13
2455 10
1577 13
2839 16
4714 16
3756 14
8692 15
1463 9
3876 11
8823 15
8180 15
1610 11
7310 13
8258 18
9935 11
4866 12
8121 15
3180 17
514 15
9803 13
6019 13
915 12
1956 17
7287 16
2979 16
2597 8
6748 15
5394 12
2283 20
3941 11
58 10
1082 17
703 10
2489 16
7646 11
4510 14
2125 22
8533 16
3995 12
1606 12
1137 12
9175 14
7054 20
9606 9
619 8
2584 13
5123 14
1395 16
660 9
9765 13
8669 16
3063 18
4310 16
388 15
3667 14
2334 16
1865 16
3229 15
195 13
8060 12
5083 18
4096 11
3582 12
2895 13
3533 12
3988 14
7921 13
8881 14
7130 15
6415 12
3772 15
5466 19
3638 12
8442 13
596 15
4598 16
2004 19
7932 14
4294 17
2171 21
4481 13
9333 10
6321 16
369 14
3241 13
1112 8
5494 18
5176 12
7155 18
489 19
6354 12
1587 14
445 15
7881 13
7701 15
3569 13
2505 14
7154 19
4553 15
3467 12
864 11
8632 13
2938 13
9129 13
5604 12
5109 14
7712 10
5143 13
7180 18
5953 18
6578 13
9574 11
4663 15
2682 16
9073 9
7139 16
1980 22
5431 20
1873 16
5978 17
6151 17
8079 12
4282 15
8537 15
3058 19
7145 17
2785 14
1075 17
6565 12
9851 13
7209 16
9314 9
9520 12
421 12
8148 16
5965 19
2529 11
2521 10
9651 13
8271 12
7529 11
3409 10
3188 15
5608 13
8462 16
9090 11
3750 14
7113 17
1736 15
2749 13
8829 16
1066 16
9002 11
3921 14
4089 11
4859 9
2027 21
2535 11
2544 9
2186 22
581 13
5788 19
9860 13
1205 11
3389 8
1232 13
4135 12
5181 11
1224 12
3571 14
7591 12
3539 14
1272 12
2774 15
9026 14
3775 16
7955 15
7043 21
5301 14
4769 15
6679 11
7811 12
4454 19
3572 15
3786 14
7425 11
1776 18
5566 19
3853 6
5443 20
2075 22
1007 11
8313 15
4507 15
7445 13
2569 13
4373 14
5417 15
2539 9
2857 15
1889 13
9504 10
8128 14
1448 11
1423 13
9443 14
8321 16
3621 11
6237 19
655 10
7651 11
2660 16
4213 11
5305 14
9482 10
5969 20
3073 19
5361 12
4379 15
8274 13
7149 18
9623 9
5684 17
1792 20
9379 14
7566 11
6236 20
7109 18
2132 23
803 15
4050 9
49 12
6335 10
4501 17
8109 14
6233 21
9961 11
7984 12
5708 16
1625 15
8780 14
800 16
5129 14
7539 12
1306 9
9404 12
4588 15
9288 13
1008 12
9209 14
4749 17
5362 13
7074 16
9888 16
4384 15
3284 16
1215 11
1584 15
301 19
9727 13
7926 14
2698 16
519 16
2976 17
4737 16
7761 12
440 15
8225 17
5495 19
7745 12
1245 13
4645 15
9560 11
34 10
8176 16
4823 11
9256 11
2355 18
1721 16
5778 14
569 14
4078 10
9670 11
8363 17
91 12
8162 17
8370 15
6481 11
687 11
7596 13
9968 9
9540 13
5718 19
3639 13
9955 12
7624 11
6394 14
1816 21
3930 13
9996 6
8147 17
4902 10
7643 12
7196 18
5225 11
5749 17
4559 13
1563 11
8918 14
3677 12
368 15
2676 12
3914 14
5987 17
1993 21
8506 15
9682 11
4162 12
4088 12
3028 10
1695 15
2482 17
4825 11
6295 14
9656 13
9181 14
8428 16
7065 19
3093 18
935 12
6763 16
5828 21
1757 16
8340 16
1020 13
1689 14
6564 13
7382 14
7261 17
4258 11
5474 19
107 15
5894 20
7265 18
7033 23
5216 12
4369 13
6278 18
4248 11
2017 21
1638 16
5850 19
2856 16
6035 17
8344 17
4069 12
7991 13
3186 14
6454 10
2564 14
7729 13
9144 15
4233 12
9199 13
8941 14
8567 11
1851 17
6609 16
5832 22
7164 18
9825 12
5376 11
6209 16
9809 14
8136 13
5943 18
5548 15
5174 13
2591 11
6602 15
2337 16
1454 12
8792 14
3848 5
7239 12
5693 16
9411 11
3189 16
1497 6
4094 12
1780 19
7350 18
2637 16
8126 15
4779 14
5227 12
4457 20
3217 17
9146 16
7766 13
1505 7
1139 13
1990 22
4790 14
6703 12
6740 11
9586 10
2030 22
3352 10
1172 13
1777 20
2759 13
1107 14
5286 17
4452 20
4726 16
4534 14
794 17
719 12
6311 17
5663 20
3817 9
3575 13
5539 16
5281 17
1150 10
4580 15
3581 14
2376 16
4148 12
1589 15
6349 10
5811 19
2635 17
4328 14
1405 16
2783 15
6635 11
9918 11
2110 22
4703 14
4133 13
5909 17
6038 18
3259 14
8117 16
8385 14
6486 10
6039 19
7241 15
4199 13
4326 13
2519 11
9437 15
3270 13
1226 13
3453 13
5948 19
8489 14
7502 16
6946 18
2033 21
5774 17
8457 17
3305 16
7282 16
7308 14
1752 17
7880 14
6462 10
8748 16
6538 13
9740 15
1527 9
1580 16
966 12
3526 13
7773 14
3827 13
8597 16
233 14
3973 13
6343 10
6993 19
6744 11
9292 10
8778 15
8783 15
9262 12
2080 22
5784 20
7107 19
8629 12
9428 11
417 13
8388 17
855 12
5070 18
9342 13
6663 13
1890 14
1681 13
4792 15
9213 15
8236 17
3468 13
6566 13
9827 13
1866 17
6777 13
1006 12
9790 14
5323 12
3387 9
8426 17
4882 12
9453 13
5619 11
544 13
9830 13
1365 7
1761 17
2098 23
5995 16
7052 22
799 18
3375 10
8969 11
9792 15
9303 9
9463 13
2288 20
2511 7
331 12
5224 13
7497 17
8415 15
8604 14
3940 12
9067 10
5918 19
8793 15
3911 12
1166 11
9007 9
3437 14
455 16
2978 18
1478 8
708 10
2101 24
9597 11
6786 15
1248 13
4648 16
256 17
8087 12
7767 15
5993 17
1978 23
380 14
6947 19
7376 15
8847 17
4718 16
675 11
1534 10
5798 20
8025 11
305 14
1212 12
8595 17
18 8
3494 12
974 14
9011 7
76 11
8038 13
1664 14
6746 16
4970 12
5248 12
1445 12
8546 16
1817 22
4520 14
8548 17
1635 17
7259 17
8461 17
3682 13
9841 14
5553 18
9127 14
1878 15
5230 13
1926 17
8400 13
2723 17
8329 17
838 12
7467 15
8721 12
2150 23
3153 17
9354 13
4116 10
9716 10
1599 11
9749 10
2409 17
7187 17
5469 20
4948 11
1181 13
9210 16
3549 14
6244 17
3502 11
1308 10
4041 11
8949 14
7370 15
7327 18
4957 11
2425 17
6273 18
681 12
3314 14
1003 12
6376 12
3545 15
8429 17
4914 10
3766 15
1329 12
7732 14
1837 19
230 15
3602 10
3760 16
2608 9
8900 13
3400 10
1937 18
4578 14
6757 16
4054 10
2056 22
1682 14
2673 16
8684 17
7664 13
3514 13
4596 17
1895 14
8386 15
1457 9
9992 9
9455 14
7841 15
9014 8
2606 10
3976 14
616 8
9890 17
6242 18
1660 14
7632 13
795 19
7657 13
3845 12
7970 13
6370 13
2629 14
2766 13
8110 15
3042 11
8158 18
640 8
3759 17
9934 12
728 11
8061 13
7172 18
8409 14
1786 19
5757 19
2875 13
5707 17
3253 15
4006 13
9915 12
9932 9
4752 13
3892 12
6657 14
5287 18
104 16
4566 17
7744 13
5616 12
3200 17
5835 21
5267 14
2559 13
932 12
5521 14
3190 17
9359 14
8911 13
4325 14
2231 23
1841 20
5857 20
6687 11
683 13
821 14
1683 15
7257 17
5877 21
5959 20
5592 18
3450 15
1938 19
9299 10
4104 9
7339 17
433 12
3838 12
8435 14
2250 24
9660 12
6978 18
2275 21
9796 16
3131 13
670 12
7061 20
3482 12
8620 10
9446 15
4586 16
3683 14
786 15
6659 15
4159 13
8804 16
9268 10
6407 15
3929 14
2715 18
3287 17
3127 16
5593 19
6373 14
8383 15
1665 15
8766 17
7868 13
6569 14
2628 15
7551 12
4002 14
6614 16
2369 16
68 12
5668 19
887 12
3637 13
6305 15
2299 17
5579 19
5356 13
3318 15
7663 14
6165 16
4693 17
2282 21
3368 11
814 14
5453 20
3353 11
1590 16
5360 14
322 15
6649 14
7717 11
5545 17
4451 21
3878 12
4928 11
5772 18
6690 12
1942 16
4011 14
6867 15
2436 17
5047 16
4226 14
6369 14
3542 15
3560 15
4245 12
9544 13
2115 23
3422 8
8095 11
4528 13
6249 18
2302 17
4032 13
5040 17
7602 14
549 14
3499 13
3202 17
2168 22
1804 22
9689 11
4997 15
8515 16
1041 13
7981 13
7328 19
9858 11
2246 25
4734 17
7772 16
7262 19
3440 16
922 13
3735 13
4220 15
81 12
8468 17
252 18
6191 17
2619 7
6875 16
716 12
5221 14
7492 18
7756 13
4527 14
1479 9
5105 14
6880 15
7790 15
3748 15
8947 14
1148 11
5935 20
2716 19
3106 17
3670 12
1464 10
6719 11
4101 10
7503 17
5500 20
9250 12
8081 13
8640 12
3010 17
8326 18
1702 16
3999 15
6915 18
3528 14
8093 12
9677 12
21 10
9658 14
6178 18
1079 18
877 13
9170 14
8133 14
8245 19
7026 23
7375 16
6484 11
2459 11
5408 14
1286 8
743 15
7654 12
867 10
9388 13
7864 13
4609 17
2474 14
8752 17
6086 18
4208 11
3134 14
756 15
7685 15
5704 18
3459 14
6691 13
5902 19
7962 17
9580 12
7599 15
215 13
5622 13
9304 10
4429 17
8539 17
6399 15
3918 15
4567 18
1130 12
2490 17
2007 18
3167 17
613 8
1950 14
9533 14
8314 17
1494 6
1688 15
4706 14
8165 18
1539 11
2905 14
22 11
315 16
463 16
2387 18
6952 18
3478 12
8527 17
6816 12
1398 17
9070 10
8939 15
9097 11
6350 11
3534 13
236 14
7727 14
7499 16
2794 15
5218 15
5363 14
5326 13
7600 16
1310 11
6613 17
1989 23
6592 12
6766 15
7693 15
9962 12
2776 16
8227 18
2946 18
7760 14
856 13
938 14
2360 19
8685 18
3958 7
6936 19
9527 15
8270 13
7944 16
8683 18
6510 10
5490 19
1846 18
570 15
7781 15
1741 15
8614 11
5459 21
6208 17
4964 12
9215 16
7858 14
1278 13
6992 20
6976 19
9196 12
6604 15
546 15
4660 16
8520 17
682 14
735 11
979 14
8277 14
7278 15
4290 12
7433 11
347 13
6779 14
6040 20
5635 13
7281 17
4182 17
2251 25
8119 17
391 16
7045 23
1090 15
6582 13
4857 10
5669 20
5107 15
3151 18
4157 14
4954 12
606 14
4698 18
5116 15
6177 19
3519 12
4067 13
1509 7
4087 13
1977 24
3342 14
308 17
2384 19
8013 11
990 13
7025 24
7307 15
2435 18
1760 18
7968 14
2926 12
12 9
9538 15
8813 16
4043 12
7765 14
7462 15
6728 12
3566 13
3737 14
6052 17
4816 15
4835 10
8743 17
9613 10
1985 24
2612 9
1118 10
2236 26
8075 13
3527 15
5097 16
7053 23
376 15
6079 16
1596 12
6619 13
6722 12
6827 13
5563 20
5695 17
5628 14
6829 14
6905 19
5511 17
1862 17
7435 12
3574 14
3159 16
524 17
1311 12
1850 19
9118 13
6570 15
5177 13
3401 11
2815 13
3618 11
9784 15
4615 18
1615 12
1498 7
2070 20
5819 22
714 13
6201 17
995 14
5954 21
4194 14
1012 14
5359 15
876 14
8112 16
2426 18
6835 14
3785 15
7188 18
8498 15
4456 21
5760 20
2148 22
7933 15
7266 19
1711 17
1091 16
4843 11
3650 13
6001 17
5369 11
693 11
1798 23
7896 14
764 14
6257 16
1745 16
1049 12
7051 24
8456 18
9253 13
5197 10
8753 18
9101 12
4376 15
5588 17
3334 16
2064 21
9434 14
9132 15
8715 14
3268 14
2622 14
5344 12
9188 10
7731 15
7553 11
3730 13
7922 15
757 16
1867 18
9392 13
7564 12
5758 21
2522 11
2969 18
4757 14
8377 15
2276 22
1718 18
2496 16
3052 17
7347 19
6756 17
7918 14
8876 14
1849 20
7697 16
1830 20
4636 17
7338 18
7903 13
8711 14
7131 17
4814 16
3496 14
5223 15
8077 13
7546 13
5584 17
9671 12
3255 16
1671 13
3040 12
6166 17
382 15
711 14
4021 14
3411 11
3586 13
7273 16
9906 9
2871 13
9301 11
4711 17
8384 16
9330 9
7507 18
1439 11
1653 15
1039 14
4721 17
1535 12
217 14
2235 27
1655 16
398 15
5660 19
5371 12
3813 12
4803 16
2185 23
6127 22
6413 13
5924 20
1419 14
7814 15
3540 16
2558 14
7771 17
2719 20
3529 15
840 13
3483 13
7831 16
7442 14
4074 11
231 16
8144 14
2613 10
3495 15
1415 15
4357 13
3925 15
4349 14
1800 24
300 20
469 14
4425 17
6289 14
1403 17
263 15
9764 14
296 19
8933 16
2842 17
7110 19
6593 13
2031 23
6599 15
2128 24
3996 16
9269 11
5932 20
4549 15
715 14
54 11
9756 14
7676 12
3290 18
7023 23
598 16
7878 15
2958 19
317 17
4767 16
6434 8
8693 16
2840 18
6969 19
1888 14
1440 12
872 15
4158 15
7714 12
7958 16
6247 19
486 17
1911 19
453 17
9697 12
6017 14
8579 15
266 16
7359 15
2473 15
5818 23
2188 22
6843 15
5140 14
5220 16
4611 19
6421 12
1052 10
1810 23
5944 20
7542 13
9664 13
2488 18
3142 16
3701 11
15 10
5401 13
2573 14
2395 19
5033 16
4390 16
9203 14
3931 14
5985 18
559 15
9872 16
9998 7
4932 11
5350 13
7483 18
8827 17
8065 14
8226 19
1040 15
6588 13
1124 11
7126 16
3740 15
7474 19
7104 17
986 14
8841 16
389 17
7332 16
4655 15
3059 20
9169 15
4943 12
8092 13
734 12
9503 11
2383 20
3033 11
4053 11
1355 6
7928 15
3799 11
2868 14
8371 16
4 10
6917 19
930 13
3852 7
6286 15
2336 17
9791 16
5697 19
7635 14
6970 20
3512 14
8747 18
9763 15
3403 12
8540 18
5380 12
490 20
4831 9
5337 13
3071 20
1058 10
3070 21
6046 18
4152 13
3601 11
9016 13
8688 19
2046 19
2303 18
8168 19
7593 14
5212 13
3104 18
9383 15
129 15
1824 19
3454 15
1266 13
5863 19
790 16
4314 16
3986 15
5996 18
4646 17
246 17
342 14
3232 12
2241 27
9982 10
9817 14
972 13
3271 14
8172 20
2826 15
7787 16
9648 14
3430 9
5272 15
6788 16
9017 14
3538 15
2349 19
4132 14
8625 13
221 13
2262 22
4739 17
913 13
8904 8
227 16
5385 11
5149 14
1411 16
5135 13
360 15
4271 16
9683 12
1982 23
7916 14
6727 13
894 12
6491 8
4339 14
5015 16
7804 13
1416 16
8036 13
7960 17
1186 12
8021 12
6699 14
1586 16
617 9
9322 10
9313 10
6813 12
7329 20
1230 14
2506 15
478 17
1348 7
6314 18
298 21
4413 18
5951 20
9686 12
9736 15
3919 16
7988 14
914 14
7333 17
4117 11
3161 18
1488 10
6318 19
1934 19
6410 14
3258 17
912 14
1853 18
5409 15
3681 14
3117 18
7936 17
4411 14
8508 16
4933 13
4030 14
5567 20
1512 10
2189 23
5081 19
1881 15
8750 18
194 14
2998 15
6990 18
5101 17
5519 15
4956 13
3576 15
1291 8
3714 13
5399 14
7828 17
2920 13
7645 13
5429 21
3883 11
6300 13
2991 16
9578 13
6645 13
1331 12
229 17
7031 24
4424 19
7829 18
5462 20
1781 20
3895 13
3879 13
3679 15
7882 15
1847 21
4474 17
9247 13
5151 12
4086 14
9629 9
4139 13
5838 20
686 14
5776 15
7034 24
6736 13
862 12
1336 10
9094 8
3871 8
7873 16
9985 11
5922 21
289 16
985 15
4600 17
9134 16
8903 9
7851 14
2281 22
9666 11
886 14
2092 22
5790 20
9552 11
5607 14
552 15
5690 17
1347 8
8477 18
8525 18
3632 11
4994 16
5167 14
4147 13
2560 14
1011 15
1790 21
3507 15
2984 17
1135 13
1202 12
7195 19
3412 12
6252 19
2233 28
1332 13
6308 18
7371 16
6941 20
1176 14
534 16
164 13
9095 9
7696 17
1325 11
4546 14
9506 11
720 13
7238 13
6670 12
4108 10
1469 9
2390 20
560 16
3705 13
9782 16
6689 13
7142 18
8481 19
9959 13
4765 17
7184 18
3823 11
8694 17
247 18
548 16
8248 20
7437 13
6558 13
3280 17
6285 16
8843 18
7232 11
8295 13
8105 14
5461 21
2881 14
4987 17
5809 20
6030 14
4475 18
8828 18
2122 23
9739 16
3734 14
2980 17
5104 15
7028 24
1902 18
1227 14
2099 25
6226 18
7687 16
8821 17
8359 16
1487 11
9401 13
9641 8
9173 15
4891 11
1538 13
8553 13
7986 15
7374 17
5303 15
6351 12
5691 18
8074 14
8988 11
2328 16
6426 11
6531 13
9874 17
7846 15
1441 13
2786 15
2771 16
5789 21
101 14
1905 19
9513 8
7384 15
8317 18
8339 17
5533 16
3294 17
2534 12
4141 12
1194 14
1949 15
458 17
555 16
6246 20
8090 14
3746 16
8530 18
919 13
4761 15
4103 11
8246 21
7940 17
7049 25
9853 14
1613 13
1620 15
7897 15
2083 23
8463 18
6954 19
4633 13
8700 18
6386 13
1343 8
3627 12
8496 15
1078 19
5468 21
3698 12
8935 17
2896 14
4643 16
2687 17
7120 18
7219 15
2269 22
6525 8
5507 18
9208 15
4396 12
4316 17
1413 17
2043 20
2424 18
7169 19
2691 17
9410 12
1676 13
7353 19
532 15
6189 18
1962 22
6414 14
9789 16
2739 18
2923 13
8757 16
781 16
4297 18
1947 16
1723 17
8565 12
6844 16
847 13
55 12
3626 13
9614 11
6634 12
892 13
4052 12
4045 12
630 9
8015 12
9197 13
8576 12
5085 19
6716 13
6771 15
8094 13
4460 18
3739 16
5853 21
6572 16
3419 9
8016 13
1910 20
541 14
2442 15
2574 15
6866 16
7008 22
7992 14
7405 15
4719 17
650 9
2513 9
9161 14
6528 14
5190 12
3888 12
6083 17
1341 6
9893 16
5463 21
7541 14
1321 11
149 15
863 13
6135 18
3763 17
4597 18
8815 18
4584 17
2191 24
7079 17
1923 18
9235 9
6417 13
8475 19
3262 15
4005 15
9191 11
4251 9
1863 18
2089 23
8542 19
6119 22
2666 16
9780 17
3831 14
4198 15
4691 18
7847 16
8353 17
1759 19
2094 24
8026 12
6402 16
9335 12
7747 13
5570 21
3719 12
7579 12
7060 21
9364 15
8836 17
2640 17
1782 21
3678 16
3687 15
1740 16
7097 18
8122 16
3021 18
6580 14
3606 10
5059 14
6382 12
1455 13
3937 11
9237 11
2935 14
2697 17
4335 15
7082 16
3593 14
2647 16
8020 13
8447 19
2216 22
7786 17
9916 13
5153 12
6181 19
4387 17
8736 14
1646 16
1564 12
9093 9
5724 18
3761 18
1667 16
1260 14
3347 11
607 15
1739 17
3787 15
3005 16
4174 14
5419 16
1742 16
7473 20
7762 15
8424 18
1678 14
4286 13
5685 18
8618 12
4858 11
3751 15
9785 17
3691 13
5355 14
9085 11
410 12
5336 14
4231 13
8000 12
2793 16
7030 25
6893 14
4822 12
788 16
3343 15
7168 20
2581 14
4582 15
311 18
5551 16
2090 24
7487 19
1637 18
7480 20
3115 19
6955 20
8670 19
9516 11
1906 20
7644 14
3311 16
3567 14
5868 20
145 16
5253 12
3143 17
2644 18
4177 15
1630 18
8453 20
1408 16
746 16
2353 20
6111 19
2483 19
5130 15
71 12
1473 9
3436 15
9149 17
2843 18
6912 19
3773 17
6926 17
1238 12
9822 12
8682 20
7225 12
9285 12
8219 17
8883 15
7879 16
4924 9
3394 10
9283 11
1268 14
5219 17
160 14
6130 23
5520 16
3758 18
4537 14
3306 17
6112 20
2039 20
6545 14
4242 13
8541 20
624 9
2237 28
3598 15
6418 14
7148 19
9141 15
2545 10
338 12
2518 12
797 20
9579 14
4229 14
9767 14
6047 19
629 10
4716 17
8674 21
2140 23
1140 14
4497 18
6110 20
644 9
6075 17
642 10
6532 14
2663 17
4736 18
3428 10
944 14
8308 16
6752 16
4063 14
1161 11
5182 12
9589 12
3613 12
2002 20
3647 14
8767 18
6778 15
7075 18
7906 15
1818 23
6284 17
8080 14
4419 20
8914 14
1556 8
9294 11
2463 12
8281 15
9823 13
3920 17
963 14
1546 8
8761 16
3256 18
9891 18
7565 13
8794 16
1694 16
479 18
2404 18
4480 14
4407 14
5802 18
4995 17
9305 11
7166 21
7247 15
5731 17
2304 19
2936 15
468 15
1592 17
1857 15
1354 7
9089 12
2261 23
2965 19
3916 15
3390 9
2272 23
4381 16
5808 21
7647 12
6772 16
8869 15
2578 14
768 17
4463 17
3506 16
6281 18
871 16
7623 12
1565 13
7751 14
7063 21
1111 9
5017 17
6767 16
4554 16
9699 13
2893 14
310 19
8899 14
8307 17
7669 14
4524 15
2365 15
3717 13
696 12
4499 18
3122 19
2792 17
2244 28
3442 17
3393 11
1053 11
5575 22
634 7
9492 10
8608 12
4276 17
8278 16
1764 18
6324 16
4095 13
6642 14
8241 18
6784 16
8041 14
7561 12
4744 18
346 15
7817 15
1429 12
3175 18
9415 12
4214 12
1475 10
8754 19
4941 14
8652 15
884 15
6518 10
5393 13
9575 14
9886 17
394 16
5112 16
3150 19
9110 14
4206 12
2449 16
8173 21
4322 13
2852 15
2038 21
8679 22
6179 20
7861 14
3181 18
3825 12
7875 17
8337 18
3923 16
1369 8
6430 6
3101 19
122 14
4241 14
3664 15
4978 14
6260 18
5075 18
1722 18
5919 20
3144 18
2540 10
8438 14
3722 12
5168 15
337 13
9157 14
9678 13
3978 15
2018 22
6183 20
1794 24
8206 15
9647 15
6205 18
5677 17
5127 15
5506 19
2870 15
3289 19
401 12
2252 26
7852 15
9871 17
5574 23
5004 17
393 17
2147 24
7392 14
9414 13
7431 12
1000 13
8960 11
2743 16
1207 12
3312 17
9356 14
8878 15
2045 21
5502 21
7070 20
3304 17
5388 12
7111 20
7518 10
9582 13
7737 15
7763 16
654 11
776 16
8091 15
1609 13
7840 16
9770 15
6601 16
9994 7
1731 14
7508 19
8023 13
9120 14
4299 19
8992 12
1964 23
6089 19
8164 19
2741 19
4029 15
4111 11
3296 17
5121 15
7957 17
7112 21
4673 14
7656 14
8294 14
8151 17
1277 14
5374 13
8633 14
1677 15
9367 16
6791 17
5088 20
7299 15
1156 12
526 18
3485 14
9324 11
6892 15
8153 18
8522 18
3072 21
6498 11
3530 16
9505 12
4741 18
1076 20
902 13
4798 15
126 16
2308 18
967 14
4850 10
2183 24
8861 12
9903 10
138 13
387 16
2072 20
4518 15
9341 14
6141 16
2179 21
6913 20
3447 18
4070 13
1661 15
9071 11
2956 20
7315 20
4191 15
9522 16
3655 14
908 15
6607 17
8161 19
4713 18
2356 20
3504 12
2154 23
5572 24
475 10
983 16
5925 21
4876 12
576 14
6291 15
2448 17
5962 21
441 16
7293 16
6964 21
4650 17
810 15
832 15
1864 19
2599 9
9608 11
2136 23
8484 15
9053 11
8301 14
917 14
7800 14
7420 15
73 13
9255 14
2773 17
2366 16
1337 11
5759 22
3523 14
1420 15
1602 12
1812 24
6957 22
2400 19
8374 16
6851 14
5753 20
4619 13
6568 15
4444 19
8624 14
3055 17
9899 13
1588 16
5201 10
2065 22
8716 15
2764 14
7461 16
3080 20
8648 13
6180 21
8040 15
4169 8
8159 20
4469 18
1087 18
5530 16
8863 13
969 15
5928 22
3089 19
946 13
4333 16
9929 10
3634 12
7204 17
7001 20
996 15
3135 15
2982 16
2683 18
8177 17
7046 26
2931 15
3273 15
5756 21
7264 20
2705 18
6133 19
9805 15
9708 11
9194 13
854 13
6796 15
3690 14
4508 16
1547 9
4270 17
6431 7
6849 15
2975 18
9376 15
5464 22
505 16
4059 9
5816 24
6254 20
7098 19
5487 20
4999 18
80 13
8775 15
1491 7
7348 20
3501 12
3615 13
5556 19
9761 14
7464 16
9732 14
5284 18
367 16
2381 21
2245 29
5715 20
8029 13
7975 14
8042 15
2163 22
9826 14
110 15
7363 16
6667 11
3979 16
1142 11
4288 13
2543 10
9539 16
6711 13
7898 16
9385 16
1992 23
429 13
452 18
8551 11
7277 16
5053 16
2961 18
2182 25
1758 20
9495 11
2514 10
6983 19
26 9
6573 17
5011 18
4472 18
4808 16
9713 11
5252 13
7251 16
7004 23
3561 16
2223 24
439 16
7891 16
1292 9
1771 15
5498 21
2562 15
6530 15
1968 25
7133 18
1185 13
7304 13
2178 22
3345 16
2338 17
8739 14
3154 18
5982 19
1468 10
8687 20
403 13
8063 15
1933 20
1612 14
4337 16
3172 19
4102 12
1477 9
2361 20
8166 20
1826 20
4016 15
4577 15
7951 15
6477 12
4993 18
6327 14
2077 23
7105 18
4464 19
8292 15
8961 12
1484 12
9471 10
6737 14
669 13
5917 20
4355 14
4391 17
9041 11
2340 18
7144 19
904 16
6341 11
1972 26
8926 17
1083 19
396 17
1789 22
3950 10
6371 15
7993 15
7573 13
8407 15
7934 16
4793 16
9926 11
9310 11
5455 22
3193 13
279 12
3791 12
1659 15
2491 18
4519 16
1437 10
4129 13
1542 7
2650 17
7716 13
5594 20
9611 12
626 11
3319 16
5204 11
9387 14
9200 15
4008 15
4007 16
4489 15
285 15
3164 19
2702 18
3333 17
5324 14
4334 17
4486 16
2527 12
4467 20
4448 20
7902 14
7037 20
9293 12
2526 13
5044 15
4296 19
9338 15
4127 14
3893 14
2301 18
8995 13
3012 19
2830 14
3553 15
8974 12
6517 11
8111 17
6193 18
5644 21
5858 21
2899 15
1300 10
9964 10
8680 23
6617 14
7728 15
8984 12
748 17
592 16
1929 21
1973 27
6312 19
5416 16
7603 15
6478 13
6861 14
9562 12
6020 14
2865 13
8252 21
6495 9
5986 19
7791 16
1432 10
1986 25
6502 12
1486 13
7769 18
2964 20
8302 15
7222 12
6620 14
8310 17
3755 15
6833 15
8008 13
6579 15
5636 14
9942 12
2567 15
5264 15
8237 18
1852 19
6626 13
1089 16
2537 12
9852 15
4485 17
1913 20
7699 17
780 17
5901 20
977 15
6197 17
5742 17
1352 8
7362 17
7129 17
3092 20
6782 17
9259 13
6471 11
3998 17
4459 19
5562 21
3445 19
3303 18
4669 14
9004 10
2173 22
7482 21
7340 18
2498 14
4389 18
3488 15
6971 21
9867 16
5245 13
8034 14
8501 16
8298 14
6891 16
7782 16
4512 15
1397 18
651 10
9567 13
8707 15
6261 19
4394 12
9069 11
542 15
9821 13
1071 18
5666 20
7803 15
3651 14
7401 16
167 12
2859 16
7271 17
3108 20
8885 16
6049 20
8839 18
1094 17
109 16
9345 14
7818 16
4024 15
3452 16
1525 8
8744 19
9768 16
3513 15
5003 19
8955 12
4303 18
6750 17
2309 19
6090 20
116 15
7427 13
487 18
9627 10
859 13
9743 11
7002 21
2623 15
424 13
3416 13
1644 14
2609 10
6105 17
8563 13
9563 14
8561 14
9975 10
4151 14
148 17
4590 16
6489 9
1686 16
5841 19
1427 13
4555 17
5386 12
9111 15
3212 17
9566 15
5580 20
9309 12
8507 17
9848 14
9407 13
3074 21
3515 14
8723 13
264 17
9525 17
111 16
4289 14
9484 11
3291 19
8341 17
6057 18
2638 18
2041 20
8698 19
833 16
9999 8
8811 17
7301 14
5550 17
6276 19
2940 14
4587 17
9707 12
9529 16
5422 17
3474 13
8380 16
6240 19
7904 16
3644 15
9450 14
8247 22
1732 15
6176 20
1241 13
7612 11
4420 21
2428 19
7207 18
609 9
3179 19
6809 13
6225 19
3969 14
6834 16
2443 18
881 16
4207 13
6140 17
5318 13
4697 19
5273 16
7679 15
4146 14
9156 15
9619 12
6358 13
3261 16
2636 18
4423 22
3265 16
9474 11
6533 15
6962 23
8722 14
7135 19
1460 10
3267 15
5497 22
2994 16
6503 13
7040 21
2779 17
7390 15
8338 19
3620 12
7859 15
4592 17
1132 13
7620 13
4405 15
6136 19
140 14
5237 13
7578 14
7005 24
6846 17
1838 21
5560 22
9425 12
3724 13
7974 15
5163 13
4676 15
7010 22
6776 14
3955 8
4037 11
9433 15
7236 14
6222 16
3742 16
9190 12
4725 18
1885 15
9549 10
9669 12
6661 16
460 18
7885 17
3765 18
3094 19
3623 12
5725 19
1988 26
6859 15
7614 12
5155 13
9745 12
6383 13
503 17
2069 23
9420 13
7057 22
6393 15
1097 13
2019 23
4942 15
2203 23
3815 10
6120 23
8235 18
9393 14
2421 19
4356 15
5820 23
7949 17
753 16
2602 7
3642 11
8035 15
8470 20
4701 19
8946 15
7311 14
137 14
883 17
1301 11
4958 12
5441 21
5352 14
4418 21
1601 13
4830 10
4601 18
5426 18
591 17
4886 13
8188 16
9375 16
7326 19
329 13
7595 15
5368 12
6961 24
313 19
8846 19
8686 21
4631 14
2627 16
4685 17
2704 19
8690 20
9806 16
8822 18
4868 13
3240 14
1283 9
9583 14
2523 14
1996 22
3957 9
4081 10
374 16
9534 16
3784 16
976 16
4717 18
8129 15
779 18
9620 13
7161 17
1264 14
4025 16
3859 8
8612 11
6016 15
7298 16
5333 14
4805 17
261 18
9876 18
321 18
9755 15
8263 15
3675 11
2242 29
3970 15
3455 16
1701 17
3246 13
1092 18
1501 6
5117 16
2401 20
7545 14
9901 11
8233 19
1417 17
9864 13
8287 13
918 15
9444 16
370 15
8045 12
5173 16
540 15
6512 11
3126 17
713 15
7668 15
79 14
6333 11
9681 14
2626 17
274 13
1367 6
2890 15
6123 24
7520 11
9018 15
8449 21
4235 12
6457 11
7477 21
8800 17
1031 11
7799 15
6464 10
56 13
3706 14
4211 10
8928 18
9880 15
7386 16
1591 18
9222 14
4922 10
2081 24
29 10
9528 17
4853 10
631 10
7076 19
8007 14
3603 11
2267 23
1805 24
4124 15
6409 15
5911 19
1234 14
6653 15
975 17
8699 20
6868 17
8419 16
5074 19
8819 19
4359 14
1385 12
3228 16
9635 8
6698 15
873 16
3596 16
7068 21
5827 24
3899 14
953 15
3421 10
3178 20
868 11
1581 17
8703 16
2806 13
6995 20
3133 15
8319 19
7194 20
2674 17
8053 14
6217 17
8617 13
1809 25
5312 12
3774 18
422 14
163 15
4607 18
6171 16
5903 20
273 14
7019 24
5021 13
9478 11
7797 16
7758 15
4065 14
7468 16
1774 17
8232 20
4004 16
4309 17
3898 15
2670 17
7776 13
6087 20
4940 15
239 14
6747 17
1136 14
3443 20
5298 15
6465 11
4415 22
6155 18
8480 20
5589 18
8568 13
5079 20
6022 15
6819 11
2557 15
8996 14
5598 18
8659 15
8990 12
1474 11
3056 18
8127 16
5456 23
6287 16
1796 25
328 14
2798 16
2280 23
9846 15
9610 13
8315 19
5939 20
7379 16
8656 16
8593 16
1896 15
5639 12
2566 16
1074 19
4471 19
6404 17
3579 16
2791 18
3680 16
3102 20
3361 10
3195 15
9958 14
7554 13
6304 16
7479 22
4168 9
6675 11
2111 24
8002 15
9226 15
9419 14
9834 14
6337 11
850 14
5851 22
5499 22
7048 27
9405 14
2103 23
302 20
8573 14
602 15
1656 17
3171 20
5027 15
5908 18
6154 19
6095 18
5678 18
4392 18
7938 18
8178 18
7404 17
5689 18
4260 12
5438 22
2284 21
365 15
9308 13
5066 18
997 16
9214 17
2290 21
6662 17
3531 17
5202 12
1675 14
9618 13
3584 14
7356 17
6336 12
9022 14
6621 15
6213 18
9340 16
7893 17
8741 14
6643 15
6113 21
8972 13
6805 14
1131 14
498 17
1823 20
7945 18
6275 20
4575 15
7515 11
6762 17
3983 17
6063 15
2429 20
3424 11
9497 12
2849 15
270 13
5813 25
885 16
276 14
6206 19
4466 21
8418 17
9112 16
9439 16
2322 17
2869 16
6898 15
8910 14
8138 15
1357 7
9296 12
2656 17
7011 23
2696 18
8704 17
1706 18
1827 21
9615 14
6678 12
9988 12
3718 14
9038 11
4187 17
727 12
1519 10
481 19
3332 18
5157 14
9712 12
1339 12
1452 13
9978 11
9612 13
1920 17
9536 17
7700 18
3749 16
7343 19
2396 20
5710 16
7189 19
6392 16
9278 9
2570 15
2212 23
7843 16
5124 15
2268 24
6104 18
7458 17
9568 14
7978 15
6885 12
5921 22
3321 19
718 13
787 17
7027 25
2814 14
8405 16
7223 13
395 18
3610 11
3555 16
6591 14
7369 16
6263 20
8642 14
9728 14
9327 12
16 11
1517 11
742 16
1998 20
1579 17
5513 16
8892 16
7749 15
9430 12
9777 16
1196 15
6548 15
5717 21
3833 15
9783 17
9599 12
9397 12
6831 16
7666 16
2133 24
648 10
1582 18
9980 12
8257 22
3205 17
834 17
4884 14
1746 17
2258 24
6515 12
1716 19
866 11
7303 15
4001 16
5043 16
3215 18
4279 18
8069 15
5568 22
8433 15
3435 16
1152 13
852 15
8011 14
4654 16
306 18
9300 12
2248 26
1516 12
6865 17
7411 14
7193 21
6156 19
165 14
1465 11
7567 12
574 16
7484 20
1016 15
7215 15
8764 18
5122 16
1273 13
299 22
1802 25
9328 13
1801 26
335 14
4253 10
8269 14
5997 19
7439 14
8590 13
7577 15
7127 18
7866 14
6624 16
5175 14
3301 18
3907 13
5629 15
8732 12
9816 15
509 16
8116 17
5454 23
3684 16
139 15
7824 18
3800 12
281 13
3541 17
9381 16
5984 20
6874 18
7833 17
2202 24
6732 14
9378 16
3166 20
4774 15
8768 19
8785 16
6199 18
6550 16
5055 15
4985 18
739 17
5180 12
5955 22
1981 24
7856 15
5770 18
3446 20
8958 13
6023 16
1361 8
6303 17
1568 13
2029 23
3662 16
7757 16
5057 16
4571 16
5316 14
9703 13
9189 13
5069 19
5491 20
7366 17
1080 19
652 11
4259 13
7764 17
5094 17
5357 16
3934 15
6445 9
7562 13
2838 17
6501 13
3349 12
2822 14
2724 18
9461 13
9553 12
1173 15
4624 15
2061 23
3476 14
6342 12
9941 13
5229 14
1953 15
2091 25
4770 16
5961 22
1183 14
7268 20
1030 12
2903 15
5164 14
6774 17
5321 14
4012 16
8913 15
6065 16
712 16
7667 17
7069 22
628 12
4433 17
1883 16
2161 23
8859 13
245 18
8185 17
4849 11
3078 22
4505 16
4319 18
1412 18
119 16
9884 18
2878 15
4934 16
9230 14
2951 21
1178 15
2970 19
5899 21
1015 16
9776 17
7100 20
6852 15
9831 15
5302 16
5160 14
3046 9
9365 17
8726 12
8267 15
7990 15
450 19
2943 18
6452 10
7789 17
3013 20
744 17
8414 16
1047 13
8352 18
958 15
8368 15
3254 17
1795 26
637 8
121 17
5145 15
6790 18
5727 18
8089 15
5260 14
9227 16
2922 14
991 15
202 14
7830 19
8791 15
6948 20
8728 13
4610 20
9346 15
2313 20
3782 17
4937 17
1585 17
2026 22
1302 12
269 14
3336 16
3696 14
677 12
6894 16
4911 11
722 14
6693 16
320 19
9919 12
6467 12
1924 19
9076 6
7182 19
9889 18
9813 14
2159 24
7059 23
5532 17
7073 17
4678 17
1717 20
5006 19
6644 16
551 16
1009 13
1821 24
9479 12
9688 13
4620 14
5032 17
4873 13
5848 20
3743 17
5927 23
1068 17
9628 11
3317 16
3904 14
3804 12
8210 16
639 9
1257 15
8733 13
356 14
819 15
8175 22
8689 21
3522 15
3371 12
4515 16
9467 9
4278 19
1987 27
9260 14
9588 13
3373 13
2475 15
6259 19
7387 17
7221 13
4358 15
9318 10
989 15
2060 24
8536 16
2770 17
9427 13
6505 11
7450 14
6733 15
8893 17
6128 24
6270 18
928 14
5254 13
1179 16
823 16
1504 8
7742 14
3326 20
961 16
2472 16
3372 14
7313 20
115 16
9145 17
9315 11
1778 21
5610 14
7746 14
1825 21
5378 13
1492 8
5510 18
3018 21
8581 16
8745 20
2819 15
6159 20
6802 15
7967 15
9045 11
8212 17
9523 18
726 13
6061 17
1216 12
7400 17
6522 9
9642 9
7093 18
8273 14
2536 13
615 9
643 11
2330 17
1769 16
3665 16
5847 21
1619 16
4608 19
5309 13
6268 19
1177 16
363 16
689 12
6451 11
6516 13
8003 16
9329 14
9643 10
7272 18
7927 16
3234 11
3392 12
2385 20
962 17
3230 16
8154 19
1404 18
309 20
8676 23
8864 14
839 14
5089 21
8607 13
1392 17
2141 25
6795 16
8927 19
5496 23
1836 21
830 17
1576 14
8262 16
747 18
5113 17
1174 16
8471 21
7569 13
1970 27
7674 13
2408 19
7608 10
95 13
7248 17
7018 25
9456 15
3587 15
1572 14
9040 12
5535 17
4557 18
2213 24
7525 12
9519 13
2259 25
2788 15
5440 23
6760 18
9344 15
5185 10
186 14
1258 16
5235 14
4017 16
4477 14
1709 19
7919 15
6540 15
3471 14
2837 18
7118 19
9565 16
9973 11
141 15
2097 25
9147 18
8493 12
8376 17
9021 15
5966 21
589 18
8134 15
6918 20
5295 16
9422 10
8487 15
5878 22
7910 16
3221 18
1067 18
6161 21
7558 14
4468 21
5794 20
3777 17
1462 11
7511 12
7368 17
7994 16
7825 19
9590 13
2462 13
5210 14
8518 18
5292 13
9485 12
446 20
8665 17
1884 17
1755 18
9849 15
8141 16
3264 17
7283 17
8425 19
8751 19
7058 24
2912 15
6704 13
6227 19
6182 21
2143 26
3032 12
527 19
7230 12
8455 21
5880 21
6534 16
4437 18
7855 16
430 14
7575 16
9873 18
8713 15
5692 19
1703 17
7156 19
9847 16
3355 11
5437 23
6480 14
7914 17
5300 16
8012 15
3425 12
7672 14
5766 19
7613 13
8809 17
6450 12
1099 14
9133 17
2084 24
3182 19
2324 18
7165 22
3458 17
4491 16
4894 11
8291 16
7735 15
4340 15
8059 13
6863 15
183 15
2307 19
7279 16
9668 13
8047 13
658 11
5687 19
1893 13
8379 17
2768 18
7407 12
3030 13
8826 18
2321 18
890 14
8603 15
9263 13
6720 13
6014 16
1963 24
3275 16
1536 14
7574 17
1191 15
6651 16
4929 12
2907 16
2194 24
8332 18
9361 16
176 13
3987 16
8256 23
75 14
5656 21
7702 16
4780 15
4432 18
858 14
8131 16
3738 17
6688 14
5830 23
1275 12
7832 18
3764 19
2312 21
3173 20
3945 8
3757 19
5258 14
6546 16
1521 10
6384 14
1901 19
2499 15
5768 20
3066 22
9298 11
3415 14
2430 21
3578 17
6153 20
1663 15
2966 20
6271 19
6459 12
1806 26
4022 16
3469 15
6475 13
6907 20
7889 18
2082 25
1252 14
4401 13
4712 19
307 19
9231 15
842 14
2661 18
8196 14
5946 21
2667 18
5234 15
2953 22
1946 17
9448 15
3798 13
7381 17
2699 17
6339 12
7948 19
3163 20
7532 12
5335 15
8005 17
5329 15
3384 10
836 18
3686 17
219 14
793 18
3622 13
5365 15
9639 9
9600 13
4735 19
8187 18
17 12
8085 13
5585 18
4763 18
5765 20
2777 18
5348 14
5914 21
461 19
3165 21
5000 20
9030 13
2583 14
5540 18
2209 22
656 12
3213 19
3487 16
8184 18
5578 20
3550 15
8194 15
158 15
8179 19
9061 10
6388 14
2902 16
8473 22
3011 20
7883 18
7341 20
7185 19
5613 13
224 17
7609 11
4073 12
5471 19
8250 22
3248 14
577 15
6519 11
557 16
1831 22
2405 20
7987 16
1338 13
2997 17
5314 13
1055 12
9172 16
1145 12
260 19
1004 13
4641 16
3959 8
1874 17
3359 12
6633 13
512 17
3585 15
7796 17
3869 8
8240 19
8771 17
1975 28
3007 17
6255 21
1935 20
8467 19
9878 16
7597 16
2611 10
3697 15
94 14
880 17
7798 17
179 14
9746 13
611 10
2130 25
4998 19
9924 12
2407 21
3736 15
2888 16
4284 16
8460 18
1943 17
3272 16
578 16
7753 15
86 13
2639 19
5895 21
9640 10
3038 11
4196 16
3508 16
9311 12
2315 21
5577 21
2477 16
1204 13
3544 16
4488 17
2509 8
5482 17
9103 11
6389 15
4514 17
3029 14
1450 14
8660 16
7430 14
4034 14
4992 19
3076 23
7325 20
9594 14
9675 13
6160 22
4675 16
9152 15
9616 15
9257 14
6549 17
8888 14
4789 15
9885 19
7550 14
6506 12
3369 13
5632 13
9557 13
7470 15
1724 18
9258 15
820 16
6340 13
2382 22
6148 17
1875 18
6297 15
4679 18
7414 14
1961 23
5403 15
2331 18
4170 9
657 13
8812 18
9967 11
2145 27
8108 15
9592 15
5764 21
9601 14
2954 23
5412 14
8349 19
8538 18
1034 15
2358 21
4799 16
4018 17
3463 13
5465 23
4753 15
9645 11
1400 18
9211 17
8272 15
1313 13
6873 19
3692 15
6841 16
5231 16
9008 10
9679 15
8476 20
48 13
5444 21
7734 16
891 15
9451 15
2222 25
5036 17
4502 18
102 15
7709 13
9441 17
2977 19
5716 22
4802 17
6053 19
3475 15
3053 18
9319 11
4766 18
135 14
9856 12
3141 17
4564 18
8940 16
3562 17
6876 17
829 18
3398 11
2579 15
2789 16
8724 14
1622 16
5777 16
8588 14
1672 14
8432 16
2858 17
5631 14
641 11
6612 18
9400 14
5480 19
6710 14
9435 15
6187 16
5699 20
2937 16
3308 18
2447 19
5614 14
3880 14
553 17
1928 22
3646 16
571 17
6622 17
1356 8
8807 18
5670 21
6951 19
295 20
2047 20
1282 10
2406 22
9693 13
1626 19
7823 19
5544 19
4657 16
8644 15
7615 13
2344 19
1390 18
9808 17
5341 14
8066 16
4450 22
4644 17
5618 13
8224 18
8938 18
1749 18
8451 22
3252 16
2504 15
2058 25
6080 18
593 17
2174 23
8712 16
7141 19
213 14
6067 17
3897 16
1720 19
6656 15
7438 15
8474 23
9452 16
8653 16
8068 17
5747 18
9078 9
78 15
6980 19
2532 12
7710 14
7636 15
3206 18
4351 15
4863 10
9526 18
6458 13
3989 15
3744 18
377 16
1698 16
2350 21
826 19
2013 22
7973 16
3338 17
5518 16
9274 11
4552 16
2234 29
5031 18
6658 16
9323 12
3524 15
5171 17
7557 15
7383 16
6190 19
1713 20
4093 13
89 14
2711 18
3964 14
5261 15
2195 25
447 21
409 13
185 16
7134 20
9412 14
2990 18
7888 19
9243 11
3809 13
8973 14
666 14
7191 20
5866 21
8182 19
5423 18
9979 13
4687 18
3997 18
6646 14
482 20
1636 19
663 12
1918 18
1059 11
7361 18
4602 19
8571 15
8382 16
130 16
5096 18
3874 12
5873 22
9850 16
6810 14
993 16
113 17
9696 14
9857 13
2199 25
1785 20
4949 12
188 13
9810 15
572 18
220 15
4968 13
2067 24
24 10
1945 18
5979 18
8 11
5950 21
7429 15
4632 15
8558 13
4312 17
1318 8
8825 19
8197 15
5913 22
344 16
2910 17
4572 17
7581 13
3420 11
1835 23
3090 21
5013 19
3953 9
33 11
948 14
6765 16
5975 16
4874 14
2707 18
7244 16
6739 15
117 17
9972 12
3490 16
8968 12
9551 12
1126 12
2243 30
5299 17
695 13
2801 14
9325 13
7601 17
7044 24
6466 13
3366 10
43 13
8915 15
8001 16
8801 18
4345 14
8028 14
7064 22
1307 11
1101 14
5729 19
5243 14
2289 22
4764 19
3795 14
3473 14
2736 19
934 13
9442 18
9005 11
4416 23
5271 16
6034 18
4574 16
90 15
2571 16
6683 11
2169 23
1255 16
9954 13
5541 20
5037 18
8143 17
286 16
7249 18
211 15
3183 20
8163 20
459 19
9524 19
3556 17
2917 14
5098 17
7688 17
4277 20
1815 25
1163 12
2746 17
2255 23
5522 15
7580 14
1184 15
1244 14
10000 9
4190 16
5120 16
8953 13
4252 11
4165 13
4658 17
752 17
1069 18
8244 20
2821 16
9917 14
283 14
6152 21
4821 13
9909 10
6652 17
5222 16
3942 12
7153 20
2549 11
9593 16
44 14
3113 21
564 16
1481 13
4353 15
6427 12
2590 12
1493 9
4729 16
13 11
190 14
7671 15
3510 17
1235 15
483 21
1206 13
5206 12
2546 12
3915 16
4428 18
1458 10
8064 16
1210 13
4840 12
5648 22
2277 23
3982 18
6446 10
4330 17
4197 17
4888 14
2657 18
2493 17
1558 9
6033 19
9657 15
5400 15
1674 15
7039 22
5527 16
9995 8
4709 13
1418 18
7980 14
1578 18
2413 16
8208 17
6056 20
5289 15
9844 15
8255 24
8046 14
2153 24
6911 20
6842 17
60 11
4935 18
895 13
2996 18
5110 17
9747 14
7592 15
4919 9
244 19
5203 13
3041 13
4931 12
5590 19
2205 23
1931 22
8324 19
8526 19
3818 10
2740 20
9798 16
5524 16
323 16
7408 13
9445 17
4977 15
9811 16
2260 26
3147 20
2775 17
4342 16
7650 12
568 15
5599 19
6900 16
6804 16
4269 18
4417 24
2314 22
1024 13
7103 21
3176 21
6479 15
5108 16
2598 10
4430 18
7826 20
1951 16
1699 17
6956 23
3547 16
6319 20
82 13
9423 11
1054 13
8777 16
8452 23
1839 22
9990 13
943 15
9429 13
3426 13
1532 11
3286 18
1290 9
7892 18
2200 26
6966 22
1756 19
3034 12
5418 17
1035 16
9706 14
171 14
2142 27
1966 24
1921 18
1270 15
2172 23
8619 13
5240 12
3862 9
8916 16
6541 16
4531 14
87 15
5410 16
9273 12
6629 11
3417 14
9160 15
8234 20
3656 15
7659 14
5191 13
6221 17
8930 19
9391 14
5477 20
1326 12
1044 13
4562 17
3035 13
5900 22
9289 14
3816 11
1552 9
1629 20
3274 17
4523 16
9795 17
7594 16
4107 11
2643 19
4966 14
7402 18
5052 17
3770 16
3079 23
6400 17
3324 21
508 17
3860 10
5049 17
131 17
3497 15
4421 23
1844 21
1483 14
2066 25
5865 22
2781 16
9048 10
7925 16
7171 19
2085 25
3796 15
8773 18
4939 18
5297 17
3121 20
8395 15
9576 15
9373 17
4106 12
8664 18
5722 19
1912 21
5958 23
7510 13
6523 10
371 16
476 11
707 11
3909 14
4688 19
9212 18
5161 15
3423 12
2642 20
2572 17
2357 22
4442 20
8305 18
6048 21
3003 15
2795 17
7634 15
1358 8
9726 14
7929 16
7014 24
8635 13
7378 17
406 14
5134 14
378 17
379 18
4298 20
9281 12
8622 11
4647 18
9459 14
1231 15
9052 12
6099 19
6096 20
9573 12
345 17
2941 15
6755 18
8114 17
4066 15
2520 12
2096 26
3406 11
8566 13
1250 15
9047 11
6011 14
6886 13
1093 19
1391 19
8312 18
8886 17
4724 19
3645 17
7548 15
665 15
5992 18
7915 18
5067 19
3225 17
5573 25
1770 17
3096 20
2684 19
8390 18
7698 18
5823 25
1155 14
7351 20
5478 21
268 15
4408 15
627 13
2471 17
7132 19
4627 16
4385 18
7522 13
3350 13
2668 19
2034 22
1362 9
3370 14
2621 15
4217 13
1995 23
929 15
3617 14
3710 15
9116 17
6738 16
4080 11
6054 21
2971 20
9532 17
8788 16
9220 12
2796 18
4221 16
7633 16
1623 17
339 13
7876 18
547 17
495 18
5392 14
4370 14
6942 21
4900 11
3247 15
1379 12
8223 19
2190 25
205 15
7863 14
4796 16
4402 14
9772 16
2037 22
4410 15
7448 15
1930 23
4374 16
4027 17
4589 17
128 17
5144 16
9966 12
2617 11
5886 20
1346 9
7626 12
4378 16
2380 22
8717 16
275 15
3589 16
8167 21
3729 14
6474 14
5436 24
5804 19
6895 17
4195 17
7653 13
2423 20
7989 16
8956 14
6921 21
9502 12
1159 13
1670 14
5319 15
6981 20
9254 15
4561 18
7768 19
9555 14
1470 10
7320 21
4800 17
9224 16
7805 14
2948 22
5493 21
3819 11
7434 13
2932 16
9832 16
6419 15
5826 26
3377 11
4114 9
3863 10
7534 13
1372 9
9512 9
28 11
3990 16
1748 19
8585 14
1098 15
4167 10
1719 20
5781 18
1697 17
6412 15
6547 17
1298 11
9232 16
7682 16
2658 19
3493 13
159 16
7136 20
6129 25
6798 16
7205 19
265 18
594 18
8062 16
4872 14
4535 15
6985 20
4778 16
3282 18
5002 21
6207 20
5643 22
3762 19
9925 13
4057 11
1927 23
5867 22
3927 16
1621 17
7229 13
6686 12
2005 20
6150 18
3116 20
62 12
4622 16
2481 18
8845 20
6296 16
3570 15
7152 21
1597 13
3293 18
7658 15
3511 18
6108 17
7084 15
2437 18
1574 15
4130 14
5739 16
3900 15
1952 17
8746 21
7513 13
6377 13
7296 17
4696 20
4273 18
9835 15
3563 18
8547 18
988 16
3778 18
5785 21
6872 20
1489 11
499 18
5546 18
6904 20
146 18
5754 22
6266 20
4200 14
2735 20
3184 21
7780 16
6820 12
4388 19
2694 19
1540 12
6294 16
5732 18
7449 16
8882 16
5558 20
419 13
4232 14
358 16
9621 14
35 11
2925 14
8962 13
7692 18
8562 15
6021 16
3137 14
2050 21
9500 13
6173 18
1502 7
7754 16
6420 16
5662 21
3913 15
7478 23
59 12
314 20
2808 13
2939 15
45 15
9493 12
1650 17
9738 17
2298 18
3456 18
6526 9
5892 21
6215 19
8662 19
2170 24
841 15
994 17
9104 12
8959 14
4304 19
3599 16
7870 14
423 15
9945 13
6758 17
147 19
4921 11
6586 12
5561 23
4301 18
8202 13
8957 15
5845 20
9176 15
7884 19
6597 16
566 17
9140 16
5247 14
6871 21
766 16
8412 15
4503 19
6018 15
2714 19
5193 12
125 17
3768 12
7844 17
6037 19
3310 17
438 17
9564 17
6960 25
7317 22
9731 15
2123 24
2333 19
7665 17
7802 16
8408 16
8334 19
5795 21
1154 15
4511 16
9514 9
9896 16
697 13
774 16
9417 15
427 14
8575 15
9548 11
6511 12
5964 22
2238 29
9842 16
6808 14
7460 18
5871 21
599 17
2105 21
5565 21
1570 15
9 12
5876 23
8855 17
8491 14
9280 13
7178 19
1869 19
7124 16
8027 15
1877 16
1393 18
4091 12
407 15
7476 22
9887 18
721 15
7451 15
9024 15
6723 13
434 13
7604 16
497 19
4955 14
4773 16
9983 11
4759 16
3060 21
5209 15
1607 14
5349 15
3856 6
8580 17
6994 21
4684 18
8436 15
4120 10
5741 18
7456 18
3612 13
9219 13
6334 12
6050 21
5351 15
9491 11
5257 15
7493 19
8279 17
8543 20
807 16
4672 15
254 19
7549 16
203 16
4899 12
1925 20
6396 15
6158 21
9807 18
809 17
4244 13
583 14
5342 15
1909 21
5569 23
1507 7
1304 13
7050 26
7463 17
3771 17
4371 15
2648 17
4694 21
8616 14
2876 16
6330 12
3061 22
7071 21
3752 16
3105 19
7186 20
3322 22
701 12
7250 19
9753 14
4839 13
8950 15
8641 15
2737 20
2607 11
5358 17
7062 22
9246 14
4637 18
1843 22
1222 13
8401 14
5405 16
9820 14
7836 18
9902 12
8217 17
6697 17
9202 16
5582 18
771 17
177 14
2603 8
6919 22
3712 14
7733 17
294 21
4837 14
7459 19
8259 19
5467 22
61 13
2465 13
4134 14
7617 14
5148 16
7245 17
3329 21
5263 16
242 16
6551 17
9494 13
8681 24
8192 16
6708 14
7231 13
3591 17
7708 14
8448 22
9249 14
435 14
1122 12
3457 19
9744 13
7415 15
4465 22
2952 23
8795 17
5347 15
1115 9
5019 13
4700 20
4119 11
1114 10
7291 17
2373 14
7217 16
4951 13
8190 17
1233 15
538 13
9947 14
3019 22
7894 18
1036 17
4912 12
9027 15
384 17
9207 16
6543 17
5842 21
6211 19
5056 17
7908 17
673 12
319 20
4010 16
9396 13
4614 20
1833 24
3605 11
849 15
4847 12
5172 18
7160 18
5133 15
907 17
6488 10
9000 15
6003 18
5657 22
2841 19
5265 16
6277 20
400 13
5534 18
6088 21
127 18
5128 16
6367 12
2274 22
9098 13
6940 21
1959 24
7512 14
9012 9
9136 17
1190 16
7584 14
8898 15
5597 19
5010 20
6589 15
9056 12
3323 23
7254 17
7720 12
2485 20
9609 14
4036 12
5058 17
200 15
4414 23
3170 21
8427 18
42 14
5016 18
3548 17
9126 15
9122 16
731 12
7838 16
7159 19
5941 16
9940 14
5681 19
8039 16
1086 20
5701 21
2685 20
4406 16
7540 15
9839 14
3851 8
2254 24
6650 17
4809 17
8018 14
4851 11
3283 19
2479 15
3399 12
878 18
2469 18
5084 20
9317 12
6355 13
1754 19
9705 15
5339 15
784 17
982 17
1371 10
6411 16
9475 12
2239 30
9556 15
5503 22
6325 17
4398 13
2853 16
605 15
5855 22
7094 19
6320 21
8417 18
5217 16
1421 16
1708 20
6935 20
9939 15
1246 14
3666 17
3152 19
381 16
6768 17
5673 22
7357 18
3974 14
3223 19
7684 16
1033 16
8986 13
1799 25
8049 13
8787 17
259 20
2293 21
9650 15
7976 16
9572 13
4128 15
7779 17
2157 25
4768 17
5672 23
8734 14
6121 25
5071 19
3112 22
1693 17
5938 21
5651 22
4936 19
9312 13
201 16
2201 27
3120 21
8375 18
9416 16
6192 19
1766 19
2727 17
6870 22
6705 15
6507 13
6974 20
5250 14
1571 16
5009 21
6073 18
8402 15
9028 16
4455 22
5915 22
6785 17
8729 14
3590 18
6524 11
2955 24
2495 18
3031 14
1593 18
6896 18
2600 10
5734 19
5473 20
4341 17
2354 21
1269 16
822 17
1029 13
3520 13
6606 18
4877 13
7066 22
3103 21
4618 14
2803 14
9431 13
8790 17
7586 15
960 17
6375 15
9472 12
456 18
9117 18
9974 12
3481 13
6832 17
6837 15
4772 17
2176 24
1281 11
5413 15
6997 21
5515 17
6243 19
6878 16
151 15
361 17
7337 19
1077 21
7336 20
2924 15
216 15
8772 19
1531 12
3277 17
8994 14
7346 20
3966 15
1064 17
647 11
9833 17
6115 22
8528 19
1175 17
6456 12
1753 20
8285 14
1649 18
4760 17
7426 14
2418 18
2035 23
1518 12
3842 13
7770 19
2550 12
6077 18
3810 14
992 17
6923 18
585 15
7295 18
4990 20
2342 20
5325 15
9438 17
6554 18
1129 13
9507 12
5963 23
1714 21
5233 17
8358 17
7680 17
911 16
5934 21
4927 12
8672 22
2044 22
8663 20
8564 14
9704 16
2744 18
7516 12
5484 18
9476 13
1228 15
2118 24
2214 25
5198 11
610 11
4623 17
2124 25
5005 20
3980 19
8149 18
8331 19
413 11
2285 22
5829 24
9644 12
5087 21
4845 12
257 21
2968 21
4440 21
5874 24
4513 18
9938 16
2874 14
7835 19
825 20
4550 16
3484 15
2343 21
2059 26
7638 16
685 15
8824 20
8146 18
3085 21
6184 21
510 18
678 13
114 18
6401 18
3661 17
8673 23
4076 12
8169 21
3685 18
582 15
5389 13
2211 24
6131 24
2024 24
7352 21
5093 18
5125 16
1449 15
7913 18
2218 23
2323 19
8209 18
7270 18
1871 20
798 21
6134 20
6899 17
2468 19
1466 12
7388 18
8671 23
1870 21
5514 18
7102 22
9700 14
8286 15
3414 15
6749 18
5543 21
9001 16
5733 20
6672 12
1461 12
897 13
7285 16
5617 14
8997 16
6013 17
3801 13
511 19
6476 14
1854 19
4668 15
6438 9
6081 19
7725 13
330 14
2769 19
8818 20
3653 15
2732 21
4336 17
6916 20
2986 19
1583 19
1842 23
1897 16
1223 14
3808 14
5076 19
9080 11
84 14
8486 16
8155 20
5703 22
4228 15
1633 19
9469 10
4630 17
5111 18
8266 16
4160 14
5214 14
4209 12
4862 11
3963 15
8513 16
6317 20
1647 19
1095 18
7389 19
1976 29
3896 17
4164 14
1447 13
2824 15
6944 19
5786 22
3944 9
5285 19
7403 19
4525 16
9287 14
9035 11
1062 14
7909 18
4003 17
9927 12
1315 14
191 15
11 13
2416 19
7678 16
5564 22
1214 13
1829 21
8658 17
5822 26
1559 10
2012 23
2057 26
6435 9
9458 15
9714 12
525 19
1712 21
5821 27
6694 18
5396 11
4695 22
7496 18
8979 11
6024 17
909 17
133 15
1312 14
2016 22
1014 17
2516 13
9195 14
5146 17
1634 20
27 12
558 17
8651 16
1614 14
1116 10
1158 14
3162 21
2127 25
7417 13
7741 15
2208 23
6712 14
7911 19
93 15
8872 16
4009 17
9721 11
7419 16
7213 16
8675 24
6939 22
6958 26
1549 10
8998 17
2224 25
153 15
3933 16
8054 15
9178 16
1762 19
9587 14
5956 24
2820 17
3381 12
8784 17
9815 16
2950 23
7255 18
3119 22
3049 11
5028 16
2894 15
6571 17
1133 14
9059 10
5810 21
7857 16
1119 13
9793 18
9692 14
2799 17
4085 15
1414 18
9153 16
4490 17
3328 22
882 18
5748 19
4105 13
1046 14
7032 25
7175 18
4656 17
1737 16
6235 22
8906 8
6195 17
7583 15
2402 21
3014 22
6529 16
8398 13
3674 12
9031 14
1908 22
5945 22
3649 15
3693 16
987 17
5645 23
4950 14
6792 18
2531 13
5679 20
936 13
925 13
1195 16
7 12
6387 15
6282 19
5549 18
196 16
9734 16
9171 17
7485 21
8186 19
5331 16
5508 19
9099 14
8598 17
518 17
5425 19
680 13
1627 21
8559 14
9781 18
251 19
888 15
4015 17
2270 24
5843 22
9541 14
6553 19
8422 17
7355 18
6245 21
3465 14
6811 15
5213 15
303 21
1562 12
3867 11
7302 16
7755 17
1267 15
8296 14
5283 19
1472 10
9554 15
906 18
8696 20
875 17
7795 18
9769 17
1037 18
3609 12
5007 22
6145 16
282 15
1198 14
8638 14
6807 15
3331 22
9271 11
9302 12
6636 12
777 17
8323 20
1120 14
4832 10
889 16
6093 21
222 14
8220 18
9698 14
815 15
579 17
5205 13
7514 14
4098 8
5080 21
4295 20
193 15
8072 15
156 16
5086 22
6347 10
8479 21
2863 14
6521 10
860 14
8879 16
879 19
1803 26
7793 19
1979 24
1189 17
5119 17
9245 15
253 20
8889 15
3577 18
7114 18
2166 23
212 16
3470 16
9591 16
1263 15
2230 24
4023 17
3633 13
8837 19
2417 20
2087 24
4308 18
6590 16
6789 19
4364 13
7289 18
1239 14
402 14
6212 20
3298 19
740 18
5547 19
207 16
4704 15
9239 11
9072 12
9389 14
1932 23
1289 10
6610 17
5447 22
6953 20
8668 18
2232 29
6560 13
6713 15
1974 29
5501 22
5407 17
9518 14
1991 24
5434 25
7128 19
2708 19
1537 15
4689 20
3199 18
1727 13
466 15
8963 14
9897 17
659 12
2446 20
8139 17
2919 15
4099 9
5483 19
3554 17
4881 13
9409 13
2688 18
1631 20
9758 13
8306 19
2633 16
5615 15
4625 17
162 16
3226 18
8137 16
3952 10
7099 21
9205 15
3088 20
6924 19
9673 14
3480 14
6920 23
8897 16
6583 14
4436 19
2460 14
1969 28
5100 18
6927 18
3077 24
5162 16
8572 16
2987 20
1426 14
9969 13
6352 13
4547 15
8211 18
7206 20
432 15
2503 16
5737 20
7969 15
88 16
8645 16
7750 16
8760 17
6567 16
241 17
8657 18
9946 15
9487 8
4628 18
758 17
449 22
3968 16
2311 22
7436 14
1193 16
9347 16
804 16
1128 14
4910 12
9881 16
436 15
1763 20
6730 15
6826 14
4556 19
8330 20
3906 15
7642 17
501 17
2928 13
8936 19
6797 17
5317 15
7531 13
3894 15
8010 15
9449 16
4740 19
1402 18
9418 16
4479 15
5244 15
4542 13
5999 20
8602 16
9717 11
8509 17
8901 14
7176 19
208 17
6015 17
4605 19
827 20
6751 18
910 18
4183 18
5782 19
3837 13
9558 14
520 18
2844 19
2476 17
9216 17
8464 20
5156 15
496 20
2686 21
7691 19
2023 25
2829 15
690 13
8840 19
6169 17
8894 18
3747 17
5488 21
529 20
563 17
8835 18
805 17
9496 13
1573 16
442 17
2271 25
9843 17
8615 15
5787 23
4989 21
4568 19
1704 18
9944 14
4797 17
2988 21
4923 11
2755 13
6363 12
4400 14
8967 13
6641 15
6008 15
7625 13
5746 19
2576 12
9343 16
9786 18
5266 17
3307 19
4075 13
5688 20
7559 15
9997 8
4638 19
3276 18
6253 21
3097 21
5345 16
2452 11
226 18
6673 13
1611 15
2346 20
198 17
1710 20
1958 25
5406 18
8678 24
8873 17
5 13
848 16
947 15
6963 24
2631 15
8421 18
2885 14
8160 21
9912 11
984 17
5797 21
6937 23
390 18
2652 18
3464 15
7489 19
4422 24
745 18
9362 17
6460 13
1879 16
3362 11
4965 15
9547 12
1149 12
6074 19
8328 19
4275 19
6076 19
170 15
1887 15
2778 19
8032 15
4786 16
9223 17
1808 27
2957 21
7954 16
6928 19
4219 16
8877 16
725 14
9128 15
7140 20
9382 17
649 11
554 18
225 19
4181 18
4318 19
2517 14
3552 16
493 18
3720 13
4833 11
8469 21
4205 13
9577 16
5555 20
4186 18
7297 18
5367 13
47 14
8763 19
6366 13
1500 7
4967 15
3360 13
762 18
8316 20
2552 13
6204 19
6618 15
9598 13
4178 16
9119 15
4516 17
3707 16
8055 16
1779 22
5255 16
6499 14
6269 20
204 17
6316 21
5489 22
9114 18
8534 17
3087 21
8621 12
4804 18
6437 10
2934 17
4014 18
6542 18
3251 17
9163 15
1820 25
4947 12
6494 10
6734 16
8170 22
2738 21
3439 17
9970 14
2264 22
8993 15
2911 18
1628 22
3597 17
3177 22
6230 19
2565 17
1919 19
1751 18
9460 15
9662 14
5343 16
2494 19
3926 17
1444 13
6241 20
2441 16
7000 21
3156 17
6821 13
5947 22
9719 11
4754 16
1567 14
6879 17
7198 18
3410 12
6754 19
9366 18
3315 17
4261 13
3395 11
2198 26
7494 20
3648 16
2138 24
5294 17
3882 12
7995 17
9775 18
942 16
8389 19
3084 22
9468 11
168 16
5275 17
2113 25
2445 21
4494 17
2909 18
760 19
120 18
8488 16
4397 14
3405 12
7360 19
8971 14
4747 19
7924 17
7648 13
5346 17
6044 18
8207 18
1971 28
3727 13
3731 14
5270 17
9989 14
7208 19
1696 18
83 15
2461 15
4216 14
5391 15
1446 14
8200 16
4972 11
9013 10
8503 15
8500 17
808 18
5327 16
8454 22
375 17
9166 16
2654 18
4143 13
7396 14
4137 14
3781 18
4493 18
9377 17
4904 10
7490 20
9100 15
6483 12
9125 17
2162 24
4495 18
3910 15
3932 17
5603 13
8199 17
9965 13
352 14
7096 19
2995 19
1125 13
2225 26
706 12
691 14
5852 23
6310 19
7015 25
4606 20
6959 27
5926 24
5671 24
234 15
6696 19
6998 22
1123 13
741 19
2898 16
6817 13
9357 15
9531 18
954 16
7622 14
8970 15
4959 13
7519 12
1314 15
5332 17
7886 20
9949 11
2524 15
5571 25
2345 21
2249 27
1651 18
3300 20
8336 19
3140 18
5655 22
2864 15
7715 14
8014 13
7571 12
9869 17
573 19
1073 20
4738 18
9025 16
67 13
7912 20
4893 12
3595 17
2359 22
7739 15
2386 21
3905 16
8254 25
9277 10
4545 15
8253 26
7895 19
603 16
4225 17
341 15
4246 13
7788 18
4890 12
7621 15
8174 23
6102 19
8802 19
828 21
636 9
9868 18
6142 17
8342 18
4722 20
326 13
9649 16
8367 16
9177 17
5769 21
3402 13
6623 18
1217 13
6064 17
921 14
7085 16
9604 10
9794 19
9943 15
6910 21
8934 18
7199 19
523 19
7972 17
6902 21
5022 14
6897 19
1376 9
7690 20
9751 12
408 16
968 16
3891 13
2959 20
6125 23
8183 20
3341 15
3067 23
1999 21
5115 18
4051 13
8249 23
7923 18
4629 19
9960 14
1297 12
5624 15
8441 14
4154 14
8779 16
2947 23
2568 16
2721 21
694 14
7959 18
7190 21
7695 18
4782 16
3850 9
9663 15
40 13
3873 13
9282 13
6536 17
5923 22
1811 25
5439 24
8391 19
2219 24
668 15
7877 19
2718 21
6028 14
9908 11
2398 20
4354 16
7810 15
8999 18
4692 19
6627 14
1604 13
9403 14
2158 26
7723 13
64 14
2678 13
5041 18
5476 21
1715 22
9088 13
8701 19
9066 11
8293 16
818 16
6372 16
7077 20
7675 14
684 16
228 18
2949 24
7399 18
5869 22
9326 14
3281 19
6925 20
9546 13
4223 18
7834 20
7517 13
169 17
414 12
2454 12
1370 11
9179 17
9123 18
4867 14
6577 14
8373 17
7619 14
7505 19
4730 17
7452 16
2993 17
6360 13
2055 23
7413 15
8850 18
1557 10
964 15
2112 26
7047 28
8193 17
5211 15
9951 11
9086 12
521 20
31 12
3887 13
9595 15
9380 17
3002 16
3864 12
5905 21
7201 16
480 20
8450 23
7274 17
4895 12
8205 16
3807 15
2088 25
19 9
5730 20
2129 26
8706 18
1848 22
5817 25
4861 12
8705 19
7719 13
8022 14
5296 18
5330 17
3083 23
2028 24
8985 14
9081 12
2585 14
8444 15
2379 23
3725 14
7947 20
9164 17
1840 23
4362 13
3981 20
316 18
350 15
2257 25
5132 16
8214 16
759 20
5038 19
9561 13
3386 10
3429 11
3630 12
5492 22
8354 18
3438 18
4274 20
1515 13
4887 15
4806 18
3397 12
4042 13
8420 19
8510 18
1144 13
2933 18
4538 15
5338 16
5063 15
5542 22
7181 20
931 14
1151 14
4272 19
2167 24
8397 14
4595 18
7253 18
785 18
4247 14
9316 13
8857 12
8919 15
9242 12
66 15
5370 13
3081 24
4084 16
6576 15
9336 13
9701 15
9725 15
1013 18
9159 16
7022 25
3351 14
6470 12
8101 13
4083 17
952 16
2624 16
7138 21
4473 19
9295 13
1965 25
7173 19
1384 13
1482 15
3776 18
7616 15
2095 27
2215 26
431 16
6380 13
3865 13
6707 16
8798 17
7123 17
1203 14
7316 23
3218 19
8677 25
8631 14
3099 22
5875 25
3797 16
4776 17
161 17
8519 19
7491 21
1642 14
844 13
474 11
2832 16
923 14
4879 14
8050 14
5767 21
1855 20
9043 11
6743 12
4382 17
1192 17
4509 17
9248 15
2659 20
1383 14
632 11
2877 17
7706 15
8860 14
4306 20
801 17
9402 15
8152 19
4113 10
6101 20
3992 13
9498 13
3663 17
5834 22
4896 13
3132 16
5702 23
4662 17
6163 16
8849 19
1237 13
8378 18
2352 22
6735 17
4591 18
8033 16
6801 16
9511 10
8848 20
4000 17
2662 19
9695 15
1138 14
6862 16
7526 13
5379 14
280 14
8574 16
8832 16
6168 18
9971 15
4827 12
4264 14
8299 15
783 18
3977 16
9057 13
6283 20
5705 19
3138 15
5268 18
7977 17
175 15
835 19
590 19
5898 22
3237 12
1814 26
5450 21
9426 14
7380 18
5154 14
782 19
4723 21
1553 10
3703 9
3044 12
454 18
9535 18
6845 18
1242 14
9265 14
6972 22
6840 17
9481 13
8056 17
4984 19
7640 18
7290 19
2669 20
4791 16
7263 21
5967 22
6309 20
3219 20
9148 19
6718 12
5814 26
2879 16
3043 13
9225 17
9261 15
528 21
4443 21
9862 14
2278 24
9905 11
7920 16
6302 18
1399 19
4049 10
4447 21
7971 18
8808 19
2109 23
7983 13
4813 17
751 18
7179 20
5735 21
1728 14
3382 13
5139 15
3580 17
8135 16
959 18
7544 15
197 18
6887 14
5398 15
7854 17
9501 14
1747 20
8009 16
4855 11
4446 22
2963 21
255 20
1351 9
1904 20
1453 14
6137 20
9920 13
8838 20
3069 24
5451 22
4748 20
6715 14
7055 21
2247 27
8730 15
4543 14
7661 15
7588 11
7481 22
9369 18
5815 27
9957 15
8024 14
2547 13
1793 25
5719 20
3491 17
5557 21
6138 21
8523 19
7605 17
8311 19
3020 23
9473 13
318 21
7849 17
901 14
272 15
2020 26
2752 10
1146 13
6000 21
4445 23
504 18
5721 20
791 17
7809 16
2753 11
5095 19
1819 26
5929 23
9672 15
8243 21
6267 21
343 17
6381 14
9372 19
6313 20
404 14
796 21
92 16
415 13
3903 15
9930 11
6098 21
2022 27
4649 18
1569 16
7342 21
899 14
3209 18
4783 17
9204 16
9091 12
5523 17
2467 20
4908 11
6562 14
5801 19
105 17
6836 16
755 17
1113 11
7318 23
3885 10
7235 15
9483 12
5050 18
3967 17
1160 14
1632 21
6608 18
6563 15
7807 17
7021 26
2341 21
5138 16
9368 19
9107 15
4666 14
4988 22
4090 13
2422 21
8852 18
6585 13
8545 21
3015 23
3344 17
5373 14
7122 18
1213 14
65 16
8230 21
7324 21
9636 9
3168 18
1948 17
5427 19
199 18
8280 18
6783 18
1435 11
5683 18
7673 15
6004 19
5147 18
8976 11
1287 9
3374 14
8609 13
7453 17
1309 12
4317 20
1240 15
1903 21
3936 12
2836 19
9913 12
971 16
4323 14
8495 16
7848 18
8327 20
3961 11
2551 14
9981 13
2812 12
5142 15
9875 19
1707 21
3594 18
5196 11
2929 14
3026 15
1373 10
8017 15
7794 20
1765 20
5626 16
8346 20
9113 19
3413 16
7953 17
3828 14
6706 17
4975 16
1303 14
6202 18
9690 15
4062 15
9730 16
2008 19
6731 16
8505 16
2453 13
5596 20
2641 21
9490 12
3993 14
2726 18
4982 16
7641 19
4056 12
7850 18
1797 26
8907 9
1364 8
2184 25
72 14
3017 24
5583 19
3659 18
5251 15
5623 16
6157 22
2891 16
3449 19
600 18
3091 22
586 16
8569 16
5046 17
6638 16
8708 16
1051 11
7237 15
4332 18
4033 15
2001 21
7730 16
2319 18
7521 14
5860 18
8238 19
5805 20
8820 20
6497 12
1554 11
3657 16
8333 20
8086 14
355 15
1211 14
1983 24
2451 12
1296 13
1544 9
3922 17
6292 17
8472 23
4175 15
3356 13
2074 23
7228 14
9162 16
3364 10
3288 20
1394 19
2944 19
4026 18
7202 17
9674 15
9771 17
861 15
4991 21
6914 21
1299 12
8406 17
2470 19
2541 11
385 18
8416 19
4426 18
1605 14
1442 14
6288 17
184 17
249 20
9883 19
6170 18
2646 17
5988 18
6500 15
2114 26
6264 21
5605 15
6595 14
6695 20
4976 17
9596 16
6091 22
8357 18
3157 18
9355 15
8051 15
7820 17
1380 13
3984 18
4838 15
6903 22
7137 22
3498 16
8318 20
9631 10
4172 10
3047 10
9976 11
5587 18
3075 24
6092 23
6315 22
1861 18
6059 17
7681 18
2630 16
5957 25
8769 20
8347 21
7985 16
7560 16
10 14
2999 16
9240 12
4883 15
4204 14
7537 11
7394 13
4331 19
2054 24
1022 14
8189 18
970 17
9331 10
2563 16
3877 13
6005 20
898 15
4819 14
2134 25
3689 15
6987 20
7997 10
8529 20
7576 17
4125 16
1451 15
8350 20
9124 19
5457 24
8276 15
8216 18
3557 18
3427 14
2160 25
4917 10
6492 11
1043 14
7020 27
730 13
9010 8
1608 15
4283 17
3824 13
9108 16
2734 22
8814 19
397 18
3588 17
9465 14
5994 18
688 13
7637 17
9800 16
4153 15
2144 28
584 16
1768 17
2728 18
2985 20
956 15
2892 17
6442 10
3006 18
8727 14
3 11
8231 22
2487 21
667 16
5232 18
2152 25
2872 14
3358 14
3146 21
2880 17
5030 19
2456 11
5458 25
8983 13
6449 13
8978 12
7598 17
8458 18
4453 21
4346 15
8098 12
6803 17
2833 17
3245 14
4109 12
9937 17
5646 24
4651 18
4224 19
5653 23
5307 11
3939 13
1157 15
2079 24
7322 19
8599 18
4945 13
3111 23
3210 19
9694 16
334 15
6692 17
9201 17
8844 21
4683 19
4901 12
3509 18
3908 15
332 13
9251 14
8142 18
2121 24
515 16
1065 18
96 14
1085 21
2889 17
2797 19
8554 14
5377 14
1550 11
587 17
5383 11
8550 12
6965 23
38 11
7871 15
6374 16
7455 19
4878 15
6071 15
1256 17
8937 20
2817 14
6799 17
8309 18
5882 21
1375 10
3713 15
8348 22
9320 12
5414 16
3754 16
3652 16
5012 20
9879 17
6938 24
312 20
6009 16
4603 20
9339 17
5983 21
1409 17
5525 17
6773 18
2762 15
1654 17
74 15
9185 15
3379 13
7555 16
7842 17
8290 17
5803 20
7819 18
3708 17
9630 11
97 15
4110 13
4368 14
7778 18
4338 17
53 12
4019 18
5825 27
14 12
5891 22
214 15
3844 14
6440 9
2720 22
6403 18
9109 17
5680 21
2989 22
5960 23
9464 15
6238 20
8989 13
4756 17
3466 15
3477 15
6461 14
8817 21
4305 21
4184 19
2226 27
5762 22
8130 17
4875 15
2810 13
3051 18
8586 15
6666 12
6682 12
2595 9
2486 22
6248 20
6031 15
4962 11
6114 23
3583 15
9055 13
3009 18
2175 25
9953 14
6770 16
6681 13
4785 17
1639 17
4661 18
3486 17
4161 15
6066 18
6262 21
6405 18
8113 18
5090 22
359 17
3222 20
6630 12
6860 16
2530 14
1284 10
3614 14
3709 18
1891 15
2501 16
8929 20
9691 16
4239 14
324 17
1018 14
2913 16
2458 12
7713 13
6444 11
2887 17
451 20
7158 20
6556 14
7373 18
2339 19
7585 16
7939 19
1153 16
8288 14
4731 18
36 12
5968 23
4788 17
621 9
1265 15
4820 15
2615 12
7116 18
6398 16
3062 23
6306 16
3316 18
9480 14
3875 13
1834 25
237 15
1652 19
5736 22
3337 18
4938 19
6850 16
173 16
5763 23
2155 24
8591 14
5554 21
1316 15
9956 16
9413 15
2265 23
6933 19
3327 23
8987 14
1832 25
9866 17
2772 18
3546 17
622 10
6975 21
1323 11
8043 16
9617 16
6729 16
3616 15
4775 18
2332 20
4267 19
2906 17
2897 17
4787 18
9135 18
2782 17
3792 15
5226 13
4237 14
4961 12
2846 15
6883 16
2904 16
6084 18
3263 18
4533 15
3840 13
5755 23
6425 12
3855 7
8719 13
4826 13
8284 15
6251 20
5949 22
5008 23
4222 19
7475 23
1103 15
6218 18
1598 14
7887 21
8695 21
7292 18
7827 21
1387 12
1807 28
4860 13
7091 19
4375 17
8499 18
4617 15
3016 25
6231 20
6989 19
3695 17
8120 18
4944 14
9020 16
8964 15
9626 11
9653 14
9680 16
9054 14
6639 17
7718 14
2146 28
2745 19
8320 20
816 16
4142 14
3444 21
2351 23
8356 19
7629 9
7246 18
2751 11
1960 25
5974 17
1084 22
118 18
9936 18
3148 21
6447 11
6702 13
7869 15
595 19
2756 14
8982 14
5609 15
3348 13
1028 14
2484 21
448 23
4268 20
2427 20
1495 7
8875 15
6882 17
620 10
2712 19
7016 26
7447 16
1648 20
1994 24
6055 22
3114 22
9685 13
373 17
9062 11
4565 19
5340 16
5504 23
1208 13
8666 19
3660 19
9654 15
5844 23
8195 16
5382 12
8067 18
2389 21
9911 12
6078 19
6557 15
4952 14
7504 20
5888 19
3592 18
6122 26
7233 12
1388 13
9715 13
2548 14
8945 16
5893 22
3269 15
6293 18
4570 17
7457 19
6345 10
1641 15
6508 14
7067 23
1666 17
6228 20
206 17
5114 19
5215 15
6210 20
4123 16
4055 13
5170 18
5837 21
1072 21
3211 20
9637 10
4745 20
1396 19
9440 18
3432 11
8854 19
8789 18
7943 17
3297 20
2310 23
8466 21
2918 16
6660 17
4315 18
8322 21
9034 12
6103 20
3803 13
5625 17
7226 13
5238 14
2370 17
4526 17
4686 19
7547 16
5048 18
6930 18
8954 14
8611 12
8181 20
9602 15
3174 21
3118 23
232 17
6069 18
5280 18
1162 13
6544 18
2119 25
1425 15
8646 17
7078 21
5199 12
9454 15
5706 20
6216 20
3565 14
2709 20
905 19
8140 18
5274 18
5404 17
8871 17
916 15
9192 12
7038 23
1428 14
6395 16
7391 16
8626 14
3299 21
8655 17
5652 24
5799 21
8951 16
8923 14
5904 22
3861 11
1485 14
1730 15
2240 31
8647 18
5884 22
4126 17
5854 23
5014 20
5001 22
8544 22
4815 17
5435 26
5328 17
7090 20
1102 16
5633 14
981 18
4265 15
471 15
5713 16
4848 13
2164 23
1169 9
3207 19
8908 10
2003 21
3236 13
5870 23
5430 22
1791 22
1868 20
4671 16
732 13
9581 14
9622 15
698 14
7267 21
9384 17
172 17
8816 22
4918 11
5035 18
3924 17
6026 14
3448 20
8637 15
3794 16
5861 19
3843 15
7147 20
6214 20
597 17
2399 21
1545 10
3517 13
7424 12
3095 21
5700 22
1916 19
4986 19
6674 14
6539 16
2500 17
4530 15
3082 25
1048 14
3257 19
9632 11
4179 17
8765 19
470 16
250 21
3378 14
2403 22
9819 15
8831 17
6390 16
6082 20
7119 20
5998 21
7150 19
4981 17
6468 13
428 15
8570 17
6424 13
851 16
174 17
2616 13
9661 15
7167 22
9266 15
6793 19
2180 22
9370 20
4250 10
7865 15
7759 16
6332 12
6535 18
2440 17
3889 13
293 22
723 15
9105 13
729 14
4626 18
4973 12
4138 15
3325 22
7523 14
4013 19
705 13
1685 17
8643 16
7907 18
3956 10
9252 15
5606 16
5864 23
3285 19
5849 21
7890 19
4681 17
8465 22
6490 10
4652 19
6700 15
3793 17
8884 17
7662 16
6 14
8150 19
5694 18
6299 14
7214 17
7309 15
2908 19
770 18
4171 11
3024 15
513 18
7707 16
9276 11
7874 18
6847 18
3858 9
1220 10
7041 22
831 18
5824 28
6223 17
9904 12
3376 12
4441 22
4492 19
8006 18
9530 19
1164 13
5916 23
1271 16
8636 16
4386 19
2051 22
8578 16
2861 15
4311 18
8806 19
2915 14
6640 18
2078 25
7808 18
5698 21
6761 19
3948 10
9184 16
2220 25
6721 14
1813 27
7162 18
5885 23
6945 20
3098 23
1249 16
3839 14
6598 17
7319 24
845 14
5256 17
7652 14
6362 13
5980 19
4404 16
5060 15
3830 15
5082 20
7365 18
4980 18
2733 23
2021 28
457 19
157 17
3694 18
6250 21
1511 11
2068 25
4727 17
6780 15
5937 22
4163 15
1199 15
1915 20
8073 16
412 12
2717 22
1690 15
4487 18
5896 22
386 19
9360 17
4383 18
645 10
4777 18
5372 15
2677 14
6631 13
5077 20
6815 13
1251 16
3631 13
9584 15
2371 18
6979 20
8931 20
4925 10
9363 18
2974 19
9351 11
3901 16
2117 25
7242 16
3220 21
9167 17
143 17
5627 17
5141 16
362 18
7006 25
7556 17
9687 14
1600 14
2722 22
4361 14
5246 15
7486 22
9863 15
9142 16
6881 18
6485 12
9349 13
3558 19
426 15
7143 20
6219 19
9137 18
4347 16
8251 23
8805 20
506 17
7822 20
5667 21
9115 19
4699 21
7582 16
8171 23
6328 15
4613 21
7905 17
2420 20
6097 22
6234 23
2510 9
1480 14
6126 24
2394 20
5023 15
7899 17
2804 15
2967 22
3954 10
5432 26
4192 16
6002 19
7533 14
4828 13
5728 20
5856 23
2347 21
9923 13
4733 18
4136 15
3607 11
5445 23
8004 18
874 18
1744 17
7689 21
1259 17
7524 15
5839 21
189 15
4484 18
5291 14
8516 17
3741 17
8198 18
3461 12
6824 13
5159 15
7349 21
676 13
258 22
3068 25
635 10
2131 26
754 18
7568 14
2444 22
9787 19
9655 16
9395 14
5883 23
6068 19
9521 17
3537 16
7801 17
9371 21
4522 17
7081 17
8691 21
3723 14
3214 20
2100 26
4077 13
2805 16
1147 14
7722 14
6493 12
2816 15
2378 24
278 13
5024 16
6175 21
1551 12
5647 25
1936 21
5073 20
7007 26
4885 15
8325 20
57 14
7364 19
9804 16
7087 16
3149 22
8853 20
6280 19
8862 14
6787 17
2884 15
288 17
8865 15
3109 24
8097 13
9131 16
7013 25
8118 18
3783 18
7210 17
2834 18
8697 21
5311 14
9537 18
4856 12
4201 15
1335 11
550 17
824 21
8966 14
6996 22
4844 13
1293 10
5433 27
3532 18
2048 21
5364 16
3866 14
9788 20
7108 20
349 16
7752 16
2116 26
6575 16
2227 28
6869 23
6950 20
6146 17
7216 17
9735 17
3107 21
4585 18
8103 11
1038 19
4257 12
8667 20
2586 15
5320 16
7946 21
6742 13
2063 22
5269 19
9508 13
2671 18
5452 23
6473 15
3972 14
4262 14
7815 16
9406 15
5310 15
9837 12
1555 12
3451 17
144 18
5751 19
4664 16
7441 15
2432 18
7428 16
4746 21
4898 13
3503 13
2106 22
2681 17
3064 23
3357 15
1121 15
336 15
2614 13
4193 17
1353 9
4755 18
7942 18
1687 17
2137 25
443 18
5189 13
7506 20
8925 18
4594 19
7965 14
3260 17
3380 14
3110 25
9264 15
5169 19
8351 21
522 21
6323 17
2326 17
6422 13
8870 18
348 17
6356 14
9050 11
5931 21
5136 14
6144 17
8275 16
3330 23
1023 15
6552 20
5831 24
2525 16
5971 17
4366 13
7806 18
7305 14
4529 16
8228 19
2972 21
1002 14
612 11
6647 15
5276 18
8932 21
2695 20
7639 19
939 15
1001 15
565 18
1692 18
7101 23
1529 11
5241 13
8478 22
4907 12
7012 26
106 18
5773 19
6676 12
8410 15
32 13
4612 22
8521 19
543 16
7466 16
7931 15
6365 14
6200 19
351 16
4350 16
3525 16
8920 16
709 11
4781 17
941 17
3489 17
3065 24
773 17
9165 18
5446 24
5479 22
2556 16
8596 18
9569 15
3441 18
7377 18
761 20
6443 12
8749 19
2693 20
6932 20
